shape_id,shape_pt_lat,shape_pt_lon,shape_pt_sequence,shape_dist_traveled
1_10,45.3989996709264,-74.0505567791293,1,0.00
1_10,45.3861752577178,-74.0221080447962,2,2.64
1_10,45.3857978287874,-74.0200230471652,3,2.81
1_10,45.3863907208218,-74.0082543463005,4,3.74
1_10,45.3871716083424,-73.9922728170067,5,4.99
1_10,45.3873250808923,-73.9900648658634,6,5.17
1_10,45.3880034867826,-73.9850263505148,7,5.57
1_10,45.3890116539696,-73.980692899987,8,5.92
1_10,45.3909258680365,-73.9748343586701,9,6.43
1_10,45.3934686146473,-73.9692360571231,10,6.95
1_10,45.3959228309534,-73.9654246607855,11,7.36
1_10,45.3980041662096,-73.9625550884482,12,7.68
1_10,45.401727690001,-73.9585617668454,13,8.20
1_10,45.4057484751933,-73.9544553355197,14,8.75
1_10,45.4067075732295,-73.9531344480273,15,8.90
1_10,45.4076060412765,-73.9512126079595,16,9.08
1_10,45.4090312947779,-73.9457433463724,17,9.53
1_10,45.4162254785036,-73.9257401551353,18,11.29
1_10,45.4199073950824,-73.9155583909618,19,12.19
1_10,45.4244980918277,-73.9025960306329,20,13.32
1_10,45.4255846592172,-73.8981055300739,21,13.69
1_10,45.4273946742413,-73.8872557173005,22,14.57
1_10,45.4316673516423,-73.8602543525269,23,16.73
1_10,45.4349736654937,-73.847391976023,24,17.80
1_10,45.4404595797778,-73.8271399679248,25,19.50
1_10,45.442414831553,-73.8198778299671,26,20.11
1_10,45.4437147127574,-73.8151681984421,27,20.50
1_10,45.4472468978668,-73.8034394320935,28,21.50
1_10,45.4486558862315,-73.7980392478731,29,21.95
1_10,45.4494688562197,-73.7933644257034,30,22.33
1_10,45.4497451835371,-73.7908728809287,31,22.53
1_10,45.4499407936433,-73.7882530550694,32,22.73
1_10,45.4495938997837,-73.7642548484703,33,24.61
1_10,45.4491999376701,-73.7431076525197,34,26.27
1_10,45.4486782577965,-73.7113237489741,35,28.75
1_10,45.4486231578361,-73.7070152529351,36,29.09
1_10,45.4497758736829,-73.6910004856016,37,30.35
1_10,45.4530383149763,-73.6708108164136,38,31.97
1_10,45.4530791938149,-73.6675123451849,39,32.23
1_10,45.4511928488723,-73.6522672505832,40,33.44
1_10,45.4509882388794,-73.650489615884,41,33.58
1_10,45.4510901644689,-73.6482397619826,42,33.75
1_10,45.451452297811,-73.6465403212521,43,33.89
1_10,45.4525174026753,-73.6439604846625,44,34.13
1_10,45.4536719903492,-73.6417387653488,45,34.34
1_10,45.4737620423281,-73.6030995911778,46,38.10
1_10,45.4759070859496,-73.5992535889025,47,38.48
1_10,45.4768263614733,-73.5975924222524,48,38.65
1_10,45.4776914284025,-73.5961613442898,49,38.80
1_10,45.4800794845254,-73.5919570506045,50,39.22
1_10,45.4836292963897,-73.5862958994159,51,39.81
1_10,45.4867731962734,-73.5816185093149,52,40.32
1_10,45.4895385185912,-73.5776053454072,53,40.76
1_10,45.4947620353203,-73.570805750666,54,41.54
1_3,45.4947620353203,-73.570805750666,1,0.00
1_3,45.4895385185912,-73.5776053454072,2,0.79
1_3,45.4867731962734,-73.5816185093149,3,1.23
1_3,45.4836292963897,-73.5862958994159,4,1.73
1_3,45.4800794845254,-73.5919570506045,5,2.32
1_3,45.4776914284025,-73.5961613442898,6,2.75
1_3,45.4768263614733,-73.5975924222524,7,2.89
1_3,45.4759070859496,-73.5992535889025,8,3.06
1_3,45.4737620423281,-73.6030995911778,9,3.44
1_3,45.4536719903492,-73.6417387653488,10,7.20
1_3,45.4525174026753,-73.6439604846625,11,7.42
1_3,45.451452297811,-73.6465403212521,12,7.65
1_3,45.4510901644689,-73.6482397619826,13,7.79
1_3,45.4509882388794,-73.650489615884,14,7.97
1_3,45.4511928488723,-73.6522672505832,15,8.11
1_3,45.4530791938149,-73.6675123451849,16,9.32
1_3,45.4530383149763,-73.6708108164136,17,9.58
1_3,45.4497758736829,-73.6910004856016,18,11.20
1_3,45.4486231578361,-73.7070152529351,19,12.45
1_3,45.4486782577965,-73.7113237489741,20,12.79
1_3,45.4491999376701,-73.7431076525197,21,15.28
1_3,45.4495938997837,-73.7642548484703,22,16.93
1_3,45.4499407936433,-73.7882530550694,23,18.81
1_3,45.4497451835371,-73.7908728809287,24,19.02
1_3,45.4494688562197,-73.7933644257034,25,19.21
1_3,45.4486558862315,-73.7980392478731,26,19.59
1_3,45.4472468978668,-73.8034394320935,27,20.04
1_3,45.4437147127574,-73.8151681984421,28,21.04
1_3,45.442414831553,-73.8198778299671,29,21.44
1_3,45.4404595797778,-73.8271399679248,30,22.04
1_3,45.4349736654937,-73.847391976023,31,23.74
1_4,45.4596284611522,-74.1409350240092,1,0.00
1_4,45.4525447041893,-74.1283253408565,2,1.26
1_4,45.4462575417196,-74.1195753907624,3,2.24
1_4,45.4402539275354,-74.1064588840006,4,3.46
1_4,45.4374240883096,-74.1004595039184,5,4.03
1_4,45.4341300362245,-74.0954144247388,6,4.57
1_4,45.4283481751877,-74.0893983030334,7,5.36
1_4,45.424333344938,-74.0861873876114,8,5.88
1_4,45.4130367490679,-74.0744569234489,9,7.43
1_4,45.4120381968964,-74.0726070567309,10,7.61
1_4,45.4090485395032,-74.0639918320249,11,8.37
1_4,45.4020746339531,-74.0566541753615,12,9.33
1_4,45.4010119944999,-74.0549704104298,13,9.51
1_4,45.3989996709264,-74.0505567791293,14,9.92
1_4,45.3861752577178,-74.0221080447962,15,12.56
1_4,45.3857978287874,-74.0200230471652,16,12.73
1_4,45.3863907208218,-74.0082543463005,17,13.66
1_4,45.3871716083424,-73.9922728170067,18,14.91
1_4,45.3873250808923,-73.9900648658634,19,15.08
1_4,45.3880034867826,-73.9850263505148,20,15.49
1_4,45.3890116539696,-73.980692899987,21,15.84
1_4,45.3909258680365,-73.9748343586701,22,16.35
1_4,45.3934686146473,-73.9692360571231,23,16.87
1_4,45.3959228309534,-73.9654246607855,24,17.27
1_4,45.3980041662096,-73.9625550884482,25,17.60
1_4,45.401727690001,-73.9585617668454,26,18.12
1_4,45.4057484751933,-73.9544553355197,27,18.67
1_4,45.4067075732295,-73.9531344480273,28,18.81
1_4,45.4076060412765,-73.9512126079595,29,18.99
1_4,45.4090312947779,-73.9457433463724,30,19.45
1_4,45.4162254785036,-73.9257401551353,31,21.21
1_4,45.4199073950824,-73.9155583909618,32,22.11
1_4,45.4244980918277,-73.9025960306329,33,23.24
1_4,45.4255846592172,-73.8981055300739,34,23.61
1_4,45.4273946742413,-73.8872557173005,35,24.48
1_4,45.4316673516423,-73.8602543525269,36,26.65
1_4,45.4349736654937,-73.847391976023,37,27.72
1_4,45.4404595797778,-73.8271399679248,38,29.42
1_4,45.442414831553,-73.8198778299671,39,30.03
1_4,45.4437147127574,-73.8151681984421,40,30.42
1_4,45.4472468978668,-73.8034394320935,41,31.42
1_4,45.4486558862315,-73.7980392478731,42,31.87
1_4,45.4494688562197,-73.7933644257034,43,32.25
1_4,45.4497451835371,-73.7908728809287,44,32.45
1_4,45.4499407936433,-73.7882530550694,45,32.65
1_4,45.4495938997837,-73.7642548484703,46,34.53
1_4,45.4491999376701,-73.7431076525197,47,36.18
1_4,45.4486782577965,-73.7113237489741,48,38.67
1_4,45.4486231578361,-73.7070152529351,49,39.01
1_4,45.4497758736829,-73.6910004856016,50,40.27
1_4,45.4530383149763,-73.6708108164136,51,41.89
1_4,45.4530791938149,-73.6675123451849,52,42.15
1_4,45.4511928488723,-73.6522672505832,53,43.36
1_4,45.4509882388794,-73.650489615884,54,43.50
1_4,45.4510901644689,-73.6482397619826,55,43.67
1_4,45.451452297811,-73.6465403212521,56,43.81
1_4,45.4525174026753,-73.6439604846625,57,44.05
1_4,45.4536719903492,-73.6417387653488,58,44.26
1_4,45.4737620423281,-73.6030995911778,59,48.02
1_4,45.4759070859496,-73.5992535889025,60,48.40
1_4,45.4768263614733,-73.5975924222524,61,48.57
1_4,45.4776914284025,-73.5961613442898,62,48.72
1_4,45.4800794845254,-73.5919570506045,63,49.14
1_4,45.4836292963897,-73.5862958994159,64,49.73
1_4,45.4867731962734,-73.5816185093149,65,50.24
1_4,45.4895385185912,-73.5776053454072,66,50.68
1_4,45.4947620353203,-73.570805750666,67,51.46
1_5,45.4947620353203,-73.570805750666,1,0.00
1_5,45.4895385185912,-73.5776053454072,2,0.79
1_5,45.4867731962734,-73.5816185093149,3,1.23
1_5,45.4836292963897,-73.5862958994159,4,1.73
1_5,45.4800794845254,-73.5919570506045,5,2.32
1_5,45.4776914284025,-73.5961613442898,6,2.75
1_5,45.4768263614733,-73.5975924222524,7,2.89
1_5,45.4759070859496,-73.5992535889025,8,3.06
1_5,45.4737620423281,-73.6030995911778,9,3.44
1_5,45.4536719903492,-73.6417387653488,10,7.20
1_5,45.4525174026753,-73.6439604846625,11,7.42
1_5,45.451452297811,-73.6465403212521,12,7.65
1_5,45.4510901644689,-73.6482397619826,13,7.79
1_5,45.4509882388794,-73.650489615884,14,7.97
1_5,45.4511928488723,-73.6522672505832,15,8.11
1_5,45.4530791938149,-73.6675123451849,16,9.32
1_5,45.4530383149763,-73.6708108164136,17,9.58
1_5,45.4497758736829,-73.6910004856016,18,11.20
1_5,45.4486231578361,-73.7070152529351,19,12.45
1_5,45.4486782577965,-73.7113237489741,20,12.79
1_5,45.4491999376701,-73.7431076525197,21,15.28
1_5,45.4495938997837,-73.7642548484703,22,16.93
1_5,45.4499407936433,-73.7882530550694,23,18.81
1_5,45.4497451835371,-73.7908728809287,24,19.02
1_5,45.4494688562197,-73.7933644257034,25,19.21
1_5,45.4486558862315,-73.7980392478731,26,19.59
1_5,45.4472468978668,-73.8034394320935,27,20.04
1_5,45.4437147127574,-73.8151681984421,28,21.04
1_5,45.442414831553,-73.8198778299671,29,21.44
1_5,45.4404595797778,-73.8271399679248,30,22.04
1_5,45.4349736654937,-73.847391976023,31,23.74
1_5,45.4316673516423,-73.8602543525269,32,24.81
1_5,45.4273946742413,-73.8872557173005,33,26.98
1_5,45.4255846592172,-73.8981055300739,34,27.85
1_5,45.4244980918277,-73.9025960306329,35,28.22
1_5,45.4199073950824,-73.9155583909618,36,29.36
1_5,45.4162254785036,-73.9257401551353,37,30.25
1_5,45.4090312947779,-73.9457433463724,38,32.01
1_5,45.4076060412765,-73.9512126079595,39,32.47
1_5,45.4067075732295,-73.9531344480273,40,32.65
1_5,45.4057484751933,-73.9544553355197,41,32.80
1_5,45.401727690001,-73.9585617668454,42,33.35
1_5,45.3980041662096,-73.9625550884482,43,33.87
1_5,45.3959228309534,-73.9654246607855,44,34.19
1_5,45.3934686146473,-73.9692360571231,45,34.59
1_5,45.3909258680365,-73.9748343586701,46,35.11
1_5,45.3890116539696,-73.980692899987,47,35.62
1_5,45.3880034867826,-73.9850263505148,48,35.98
1_5,45.3873250808923,-73.9900648658634,49,36.38
1_5,45.3871716083424,-73.9922728170067,50,36.55
1_5,45.3863907208218,-74.0082543463005,51,37.81
1_5,45.3857978287874,-74.0200230471652,52,38.73
1_5,45.3861752577178,-74.0221080447962,53,38.90
1_5,45.3989996709264,-74.0505567791293,54,41.54
1_6,45.4349736654937,-73.847391976023,1,0.00
1_6,45.4404595797778,-73.8271399679248,2,1.70
1_6,45.442414831553,-73.8198778299671,3,2.31
1_6,45.4437147127574,-73.8151681984421,4,2.70
1_6,45.4472468978668,-73.8034394320935,5,3.70
1_6,45.4486558862315,-73.7980392478731,6,4.15
1_6,45.4494688562197,-73.7933644257034,7,4.53
1_6,45.4497451835371,-73.7908728809287,8,4.72
1_6,45.4499407936433,-73.7882530550694,9,4.93
1_6,45.4495938997837,-73.7642548484703,10,6.81
1_6,45.4491999376701,-73.7431076525197,11,8.46
1_6,45.4486782577965,-73.7113237489741,12,10.95
1_6,45.4486231578361,-73.7070152529351,13,11.29
1_6,45.4497758736829,-73.6910004856016,14,12.55
1_6,45.4530383149763,-73.6708108164136,15,14.17
1_6,45.4530791938149,-73.6675123451849,16,14.42
1_6,45.4511928488723,-73.6522672505832,17,15.63
1_6,45.4509882388794,-73.650489615884,18,15.78
1_6,45.4510901644689,-73.6482397619826,19,15.95
1_6,45.451452297811,-73.6465403212521,20,16.09
1_6,45.4525174026753,-73.6439604846625,21,16.32
1_6,45.4536719903492,-73.6417387653488,22,16.54
1_6,45.4737620423281,-73.6030995911778,23,20.30
1_6,45.4759070859496,-73.5992535889025,24,20.68
1_6,45.4768263614733,-73.5975924222524,25,20.85
1_6,45.4776914284025,-73.5961613442898,26,20.99
1_6,45.4800794845254,-73.5919570506045,27,21.42
1_6,45.4836292963897,-73.5862958994159,28,22.01
1_6,45.4867731962734,-73.5816185093149,29,22.52
1_6,45.4895385185912,-73.5776053454072,30,22.95
1_6,45.4947620353203,-73.570805750666,31,23.74
1_7,45.4947620353203,-73.570805750666,1,0.00
1_7,45.4895385185912,-73.5776053454072,2,0.79
1_7,45.4867731962734,-73.5816185093149,3,1.23
1_7,45.4836292963897,-73.5862958994159,4,1.73
1_7,45.4800794845254,-73.5919570506045,5,2.32
1_7,45.4776914284025,-73.5961613442898,6,2.75
1_7,45.4768263614733,-73.5975924222524,7,2.89
1_7,45.4759070859496,-73.5992535889025,8,3.06
1_7,45.4737620423281,-73.6030995911778,9,3.44
1_7,45.4536719903492,-73.6417387653488,10,7.20
1_7,45.4525174026753,-73.6439604846625,11,7.42
1_7,45.451452297811,-73.6465403212521,12,7.65
1_7,45.4510901644689,-73.6482397619826,13,7.79
1_7,45.4509882388794,-73.650489615884,14,7.97
1_7,45.4511928488723,-73.6522672505832,15,8.11
1_7,45.4530791938149,-73.6675123451849,16,9.32
1_7,45.4530383149763,-73.6708108164136,17,9.58
1_7,45.4497758736829,-73.6910004856016,18,11.20
1_7,45.4486231578361,-73.7070152529351,19,12.45
1_7,45.4486782577965,-73.7113237489741,20,12.79
1_7,45.4491999376701,-73.7431076525197,21,15.28
1_7,45.4495938997837,-73.7642548484703,22,16.93
1_7,45.4499407936433,-73.7882530550694,23,18.81
1_7,45.4497451835371,-73.7908728809287,24,19.02
1_7,45.4494688562197,-73.7933644257034,25,19.21
1_7,45.4486558862315,-73.7980392478731,26,19.59
1_7,45.4472468978668,-73.8034394320935,27,20.04
1_7,45.4437147127574,-73.8151681984421,28,21.04
1_7,45.442414831553,-73.8198778299671,29,21.44
1_7,45.4404595797778,-73.8271399679248,30,22.04
1_7,45.4349736654937,-73.847391976023,31,23.74
1_7,45.4316673516423,-73.8602543525269,32,24.81
1_7,45.4273946742413,-73.8872557173005,33,26.98
1_7,45.4255846592172,-73.8981055300739,34,27.85
1_7,45.4244980918277,-73.9025960306329,35,28.22
1_7,45.4199073950824,-73.9155583909618,36,29.36
1_7,45.4162254785036,-73.9257401551353,37,30.25
1_7,45.4090312947779,-73.9457433463724,38,32.01
1_7,45.4076060412765,-73.9512126079595,39,32.47
1_7,45.4067075732295,-73.9531344480273,40,32.65
1_7,45.4057484751933,-73.9544553355197,41,32.80
1_7,45.401727690001,-73.9585617668454,42,33.35
1_7,45.3980041662096,-73.9625550884482,43,33.87
1_7,45.3959228309534,-73.9654246607855,44,34.19
1_7,45.3934686146473,-73.9692360571231,45,34.59
1_7,45.3909258680365,-73.9748343586701,46,35.11
1_7,45.3890116539696,-73.980692899987,47,35.62
1_7,45.3880034867826,-73.9850263505148,48,35.98
1_7,45.3873250808923,-73.9900648658634,49,36.38
1_7,45.3871716083424,-73.9922728170067,50,36.55
1_7,45.3863907208218,-74.0082543463005,51,37.81
1_7,45.3857978287874,-74.0200230471652,52,38.73
1_7,45.3861752577178,-74.0221080447962,53,38.90
1_7,45.3989996709264,-74.0505567791293,54,41.54
1_7,45.4010119944999,-74.0549704104298,55,41.96
1_7,45.4020746339531,-74.0566541753615,56,42.13
1_7,45.4090485395032,-74.0639918320249,57,43.10
1_7,45.4120381968964,-74.0726070567309,58,43.85
1_7,45.4130367490679,-74.0744569234489,59,44.03
1_7,45.424333344938,-74.0861873876114,60,45.59
1_7,45.4283481751877,-74.0893983030334,61,46.10
1_7,45.4341300362245,-74.0954144247388,62,46.90
1_7,45.4374240883096,-74.1004595039184,63,47.43
1_7,45.4402539275354,-74.1064588840006,64,48.00
1_7,45.4462575417196,-74.1195753907624,65,49.22
1_7,45.4525447041893,-74.1283253408565,66,50.20
1_7,45.4596284611522,-74.1409350240092,67,51.46
1_8,45.3989996709264,-74.0505567791293,1,0.00
1_8,45.3861752577178,-74.0221080447962,2,2.64
1_8,45.3857978287874,-74.0200230471652,3,2.81
1_8,45.3863907208218,-74.0082543463005,4,3.74
1_8,45.3871716083424,-73.9922728170067,5,4.99
1_8,45.3873250808923,-73.9900648658634,6,5.17
1_8,45.3880034867826,-73.9850263505148,7,5.57
1_8,45.3890116539696,-73.980692899987,8,5.92
1_8,45.3909258680365,-73.9748343586701,9,6.43
1_8,45.3934686146473,-73.9692360571231,10,6.95
1_8,45.3959228309534,-73.9654246607855,11,7.36
1_8,45.3980041662096,-73.9625550884482,12,7.68
1_8,45.401727690001,-73.9585617668454,13,8.20
1_8,45.4057484751933,-73.9544553355197,14,8.75
1_8,45.4067075732295,-73.9531344480273,15,8.90
1_8,45.4076060412765,-73.9512126079595,16,9.08
1_8,45.4090312947779,-73.9457433463724,17,9.53
1_8,45.4162254785036,-73.9257401551353,18,11.29
1_8,45.4199073950824,-73.9155583909618,19,12.19
1_8,45.4244980918277,-73.9025960306329,20,13.32
1_8,45.4255846592172,-73.8981055300739,21,13.69
1_8,45.4273946742413,-73.8872557173005,22,14.57
1_8,45.4316673516423,-73.8602543525269,23,16.73
1_8,45.4349736654937,-73.847391976023,24,17.80
1_8,45.4404595797778,-73.8271399679248,25,19.50
1_8,45.442414831553,-73.8198778299671,26,20.11
1_8,45.4437147127574,-73.8151681984421,27,20.50
1_8,45.4472468978668,-73.8034394320935,28,21.50
1_8,45.4486558862315,-73.7980392478731,29,21.95
1_8,45.4494688562197,-73.7933644257034,30,22.33
1_8,45.4497451835371,-73.7908728809287,31,22.53
1_8,45.4499407936433,-73.7882530550694,32,22.73
1_8,45.4495938997837,-73.7642548484703,33,24.61
1_8,45.4491999376701,-73.7431076525197,34,26.27
1_8,45.4486782577965,-73.7113237489741,35,28.75
1_8,45.4486231578361,-73.7070152529351,36,29.09
1_8,45.4497758736829,-73.6910004856016,37,30.35
1_8,45.4530383149763,-73.6708108164136,38,31.97
1_8,45.4530791938149,-73.6675123451849,39,32.23
1_8,45.4511928488723,-73.6522672505832,40,33.44
1_8,45.4509882388794,-73.650489615884,41,33.58
1_8,45.4510901644689,-73.6482397619826,42,33.75
1_8,45.451452297811,-73.6465403212521,43,33.89
1_8,45.4525174026753,-73.6439604846625,44,34.13
1_8,45.4536719903492,-73.6417387653488,45,34.34
1_8,45.4737620423281,-73.6030995911778,46,38.10
1_8,45.4759070859496,-73.5992535889025,47,38.48
1_8,45.4768263614733,-73.5975924222524,48,38.65
1_8,45.4776914284025,-73.5961613442898,49,38.80
1_8,45.4800794845254,-73.5919570506045,50,39.22
1_8,45.4836292963897,-73.5862958994159,51,39.81
1_8,45.4867731962734,-73.5816185093149,52,40.32
1_8,45.4895385185912,-73.5776053454072,53,40.76
1_8,45.4947620353203,-73.570805750666,54,41.54
1_9,45.4947620353203,-73.570805750666,1,0.00
1_9,45.4895385185912,-73.5776053454072,2,0.79
1_9,45.4867731962734,-73.5816185093149,3,1.23
1_9,45.4836292963897,-73.5862958994159,4,1.73
1_9,45.4800794845254,-73.5919570506045,5,2.32
1_9,45.4776914284025,-73.5961613442898,6,2.75
1_9,45.4768263614733,-73.5975924222524,7,2.89
1_9,45.4759070859496,-73.5992535889025,8,3.06
1_9,45.4737620423281,-73.6030995911778,9,3.44
1_9,45.4536719903492,-73.6417387653488,10,7.20
1_9,45.4525174026753,-73.6439604846625,11,7.42
1_9,45.451452297811,-73.6465403212521,12,7.65
1_9,45.4510901644689,-73.6482397619826,13,7.79
1_9,45.4509882388794,-73.650489615884,14,7.97
1_9,45.4511928488723,-73.6522672505832,15,8.11
1_9,45.4530791938149,-73.6675123451849,16,9.32
1_9,45.4530383149763,-73.6708108164136,17,9.58
1_9,45.4497758736829,-73.6910004856016,18,11.20
1_9,45.4486231578361,-73.7070152529351,19,12.45
1_9,45.4486782577965,-73.7113237489741,20,12.79
1_9,45.4491999376701,-73.7431076525197,21,15.28
1_9,45.4495938997837,-73.7642548484703,22,16.93
1_9,45.4499407936433,-73.7882530550694,23,18.81
1_9,45.4497451835371,-73.7908728809287,24,19.02
1_9,45.4494688562197,-73.7933644257034,25,19.21
1_9,45.4486558862315,-73.7980392478731,26,19.59
1_9,45.4472468978668,-73.8034394320935,27,20.04
1_9,45.4437147127574,-73.8151681984421,28,21.04
1_9,45.442414831553,-73.8198778299671,29,21.44
1_9,45.4404595797778,-73.8271399679248,30,22.04
1_9,45.4349736654937,-73.847391976023,31,23.74
1_9,45.4316673516423,-73.8602543525269,32,24.81
1_9,45.4273946742413,-73.8872557173005,33,26.98
1_9,45.4255846592172,-73.8981055300739,34,27.85
1_9,45.4244980918277,-73.9025960306329,35,28.22
1_9,45.4199073950824,-73.9155583909618,36,29.36
1_9,45.4162254785036,-73.9257401551353,37,30.25
1_9,45.4090312947779,-73.9457433463724,38,32.01
1_9,45.4076060412765,-73.9512126079595,39,32.47
1_9,45.4067075732295,-73.9531344480273,40,32.65
1_9,45.4057484751933,-73.9544553355197,41,32.80
1_9,45.401727690001,-73.9585617668454,42,33.35
1_9,45.3980041662096,-73.9625550884482,43,33.87
1_9,45.3959228309534,-73.9654246607855,44,34.19
1_9,45.3934686146473,-73.9692360571231,45,34.59
1_9,45.3909258680365,-73.9748343586701,46,35.11
1_9,45.3890116539696,-73.980692899987,47,35.62
1_9,45.3880034867826,-73.9850263505148,48,35.98
1_9,45.3873250808923,-73.9900648658634,49,36.38
1_9,45.3871716083424,-73.9922728170067,50,36.55
1_9,45.3863907208218,-74.0082543463005,51,37.81
1_9,45.3857978287874,-74.0200230471652,52,38.73
1_9,45.3861752577178,-74.0221080447962,53,38.90
1_9,45.3989996709264,-74.0505567791293,54,41.54
2_1,45.4999926193153,-73.5666664467233,1,0.00
2_1,45.5031828845284,-73.5734779956612,2,0.64
2_1,45.5038829500093,-73.5762430031764,3,0.87
2_1,45.5100797715506,-73.6126365062944,4,3.80
2_1,45.5138896215388,-73.6343512314225,5,5.54
2_1,45.5169003007672,-73.6448157466987,6,6.43
2_1,45.5229456574568,-73.6658250042572,7,8.20
2_1,45.5249599470795,-73.6728077522494,8,8.79
2_1,45.5286287485356,-73.685890191103,9,9.89
2_1,45.5289392838813,-73.6885797234517,10,10.10
2_1,45.528907990404,-73.6911657075008,11,10.31
2_1,45.528752394196,-73.692727071232,12,10.43
2_1,45.5283892046417,-73.6946461761046,13,10.58
2_1,45.5254321754301,-73.7030082443063,14,11.32
2_1,45.5230083856647,-73.7097712986331,15,11.91
2_1,45.5068556605325,-73.7543486940413,16,15.83
2_1,45.5044361324595,-73.7618495618951,17,16.47
2_1,45.503788386239,-73.765685576514,18,16.78
2_1,45.5026215458827,-73.775827681528,19,17.58
2_1,45.5024830392202,-73.7772857981478,20,17.70
2_1,45.5025756856399,-73.7798839324183,21,17.90
2_1,45.5034295451525,-73.7839319029124,22,18.23
2_1,45.5090871224706,-73.8091338677806,23,20.30
2_1,45.5123311874194,-73.8237037062302,24,21.49
2_1,45.5145058164712,-73.8432220861472,25,23.04
2_1,45.5149759331155,-73.845477614088,26,23.22
2_1,45.5155840522969,-73.8467228769808,27,23.34
2_1,45.5193470266457,-73.8520708934612,28,23.93
2_1,45.522016997706,-73.8557997953835,29,24.35
2_1,45.5231789646909,-73.8583033387061,30,24.58
2_1,45.5235131614417,-73.8607632902405,31,24.78
2_1,45.5234974324605,-73.8628881880326,32,24.94
2_1,45.5234138500019,-73.8693138409522,33,25.44
2_1,45.5238112966829,-73.8716206693926,34,25.63
2_1,45.5246144536435,-73.8736741892299,35,25.81
2_1,45.5364855403114,-73.8865313409222,36,27.47
2_1,45.5376121850531,-73.8886389812954,37,27.68
2_1,45.538056330686,-73.8903322348142,38,27.82
2_1,45.5405846246832,-73.9007986685646,39,28.68
2_1,45.5417716856557,-73.9035602516855,40,28.94
2_1,45.5449170123823,-73.909768081838,41,29.53
2_1,45.5459573384475,-73.9132333393944,42,29.83
2_2,45.5459573384475,-73.9132333393944,1,0.00
2_2,45.5449170123823,-73.909768081838,2,0.29
2_2,45.5417716856557,-73.9035602516855,3,0.89
2_2,45.5405846246832,-73.9007986685646,4,1.14
2_2,45.538056330686,-73.8903322348142,5,2.01
2_2,45.5376121850531,-73.8886389812954,6,2.15
2_2,45.5364855403114,-73.8865313409222,7,2.36
2_2,45.5246144536435,-73.8736741892299,8,4.02
2_2,45.5238112966829,-73.8716206693926,9,4.20
2_2,45.5234138500019,-73.8693138409522,10,4.38
2_2,45.5234974324605,-73.8628881880326,11,4.89
2_2,45.5235131614417,-73.8607632902405,12,5.05
2_2,45.5231789646909,-73.8583033387061,13,5.25
2_2,45.522016997706,-73.8557997953835,14,5.48
2_2,45.5193470266457,-73.8520708934612,15,5.90
2_2,45.5155840522969,-73.8467228769808,16,6.49
2_2,45.5149759331155,-73.845477614088,17,6.61
2_2,45.5145058164712,-73.8432220861472,18,6.79
2_2,45.5123311874194,-73.8237037062302,19,8.34
2_2,45.5090871224706,-73.8091338677806,20,9.53
2_2,45.5034295451525,-73.7839319029124,21,11.60
2_2,45.5025756856399,-73.7798839324183,22,11.93
2_2,45.5024830392202,-73.7772857981478,23,12.13
2_2,45.5026215458827,-73.775827681528,24,12.25
2_2,45.503788386239,-73.765685576514,25,13.05
2_2,45.5044361324595,-73.7618495618951,26,13.36
2_2,45.5068556605325,-73.7543486940413,27,14.00
2_2,45.5230083856647,-73.7097712986331,28,17.92
2_2,45.5254321754301,-73.7030082443063,29,18.51
2_2,45.5283892046417,-73.6946461761046,30,19.24
2_2,45.528752394196,-73.692727071232,31,19.40
2_2,45.528907990404,-73.6911657075008,32,19.52
2_2,45.5289392838813,-73.6885797234517,33,19.72
2_2,45.5286287485356,-73.685890191103,34,19.94
2_2,45.5249599470795,-73.6728077522494,35,21.04
2_2,45.5229456574568,-73.6658250042572,36,21.63
2_2,45.5169003007672,-73.6448157466987,37,23.40
2_2,45.5138896215388,-73.6343512314225,38,24.28
2_2,45.5100797715506,-73.6126365062944,39,26.03
2_2,45.5038829500093,-73.5762430031764,40,28.96
2_2,45.5031828845284,-73.5734779956612,41,29.19
2_2,45.4999926193153,-73.5666664467233,42,29.83
2_3,45.4999926193153,-73.5666664467233,1,0.00
2_3,45.5031828845284,-73.5734779956612,2,0.64
2_3,45.5038829500093,-73.5762430031764,3,0.87
2_3,45.5100797715506,-73.6126365062944,4,3.80
2_3,45.5138896215388,-73.6343512314225,5,5.54
2_3,45.5169003007672,-73.6448157466987,6,6.43
2_3,45.5229456574568,-73.6658250042572,7,8.20
2_3,45.5249599470795,-73.6728077522494,8,8.79
2_3,45.5286287485356,-73.685890191103,9,9.89
2_3,45.5289392838813,-73.6885797234517,10,10.10
2_3,45.528907990404,-73.6911657075008,11,10.31
2_3,45.528752394196,-73.692727071232,12,10.43
2_3,45.5283892046417,-73.6946461761046,13,10.58
2_3,45.5254321754301,-73.7030082443063,14,11.32
2_3,45.5230083856647,-73.7097712986331,15,11.91
2_3,45.5068556605325,-73.7543486940413,16,15.83
2_3,45.5044361324595,-73.7618495618951,17,16.47
2_3,45.503788386239,-73.765685576514,18,16.78
2_3,45.5026215458827,-73.775827681528,19,17.58
2_3,45.5024830392202,-73.7772857981478,20,17.70
2_3,45.5025756856399,-73.7798839324183,21,17.90
2_3,45.5034295451525,-73.7839319029124,22,18.23
2_3,45.5090871224706,-73.8091338677806,23,20.30
2_4,45.5090871224706,-73.8091338677806,1,0.00
2_4,45.5034295451525,-73.7839319029124,2,2.07
2_4,45.5025756856399,-73.7798839324183,3,2.40
2_4,45.5026215458827,-73.775827681528,4,2.71
2_4,45.503788386239,-73.765685576514,5,3.52
2_4,45.5044361324595,-73.7618495618951,6,3.83
2_4,45.5068556605325,-73.7543486940413,7,4.47
2_4,45.5230083856647,-73.7097712986331,8,8.39
2_4,45.5254321754301,-73.7030082443063,9,8.98
2_4,45.5283892046417,-73.6946461761046,10,9.71
2_4,45.528752394196,-73.692727071232,11,9.87
2_4,45.528907990404,-73.6911657075008,12,9.99
2_4,45.5289392838813,-73.6885797234517,13,10.19
2_4,45.5286287485356,-73.685890191103,14,10.41
2_4,45.5249599470795,-73.6728077522494,15,11.51
2_4,45.5229456574568,-73.6658250042572,16,12.10
2_4,45.5169003007672,-73.6448157466987,17,13.87
2_4,45.5138896215388,-73.6343512314225,18,14.75
2_4,45.5100797715506,-73.6126365062944,19,16.50
2_4,45.5038829500093,-73.5762430031764,20,19.43
2_4,45.5031828845284,-73.5734779956612,21,19.66
2_4,45.4999926193153,-73.5666664467233,22,20.30
2_6,45.5230083856647,-73.7097712986331,1,0.00
2_6,45.5254321754301,-73.7030082443063,2,0.59
2_6,45.5283892046417,-73.6946461761046,3,1.32
2_6,45.528752394196,-73.692727071232,4,1.48
2_6,45.528907990404,-73.6911657075008,5,1.60
2_6,45.5289392838813,-73.6885797234517,6,1.80
2_6,45.5286287485356,-73.685890191103,7,2.02
2_6,45.5249599470795,-73.6728077522494,8,3.12
2_6,45.5229456574568,-73.6658250042572,9,3.71
2_6,45.5169003007672,-73.6448157466987,10,5.48
2_6,45.5138896215388,-73.6343512314225,11,6.36
2_6,45.5100797715506,-73.6126365062944,12,8.11
2_6,45.5038829500093,-73.5762430031764,13,11.04
2_6,45.5031828845284,-73.5734779956612,14,11.27
2_6,45.4999926193153,-73.5666664467233,15,11.91
3_1,45.4999926193153,-73.5666664467233,1,0.00
3_1,45.4958043286858,-73.5575003457118,2,0.85
3_1,45.4952378363707,-73.556680902868,3,0.94
3_1,45.4940143956433,-73.5559759775477,4,1.09
3_1,45.4927006357525,-73.5559490876553,5,1.24
3_1,45.4870493024479,-73.5565703464641,6,1.87
3_1,45.4859788641942,-73.5558017136333,7,2.00
3_1,45.4853673848364,-73.5549440089605,8,2.10
3_1,45.4850259975711,-73.553779561928,9,2.19
3_1,45.4849456535751,-73.5523979002146,10,2.30
3_1,45.4860185481412,-73.5476528035524,11,2.69
3_1,45.4874155649124,-73.5418971246328,12,3.17
3_1,45.489955651078,-73.5343379960079,13,3.82
3_1,45.4996249918934,-73.505822079799,14,6.30
3_1,45.5029724659943,-73.4954316359077,15,7.19
3_1,45.5036202105967,-73.4926930929668,16,7.42
3_1,45.5041958487581,-73.489365846537,17,7.68
3_1,45.5046183739221,-73.4856930535371,18,7.97
3_1,45.5081364819483,-73.4338230510271,19,12.05
3_1,45.5090899827239,-73.4193090874449,20,13.19
3_1,45.512018918375,-73.3744074541639,21,16.71
3_1,45.5131493813593,-73.3563073731541,22,18.13
3_1,45.5146158660271,-73.3360681415582,23,19.72
3_1,45.5151876489314,-73.3332250352212,24,19.95
3_1,45.5187148456451,-73.3212081152329,25,20.97
3_1,45.5232970794913,-73.3059218339024,26,22.27
3_1,45.5460432080354,-73.229774103894,27,28.73
3_1,45.5473643518523,-73.225323880269,28,29.10
3_1,45.547904598137,-73.2217481707661,29,29.39
3_1,45.5481465567406,-73.2176744186719,30,29.71
3_1,45.5481211698856,-73.2075828020034,31,30.50
3_1,45.5484034867558,-73.2053913675316,32,30.67
3_1,45.5495414254083,-73.2035155854961,33,30.87
3_1,45.5738639938443,-73.1866799549675,34,33.87
3_1,45.5754229035878,-73.1842111923911,35,34.13
3_1,45.5764859667258,-73.181424763269,36,34.38
3_1,45.5771886379972,-73.1784993373486,37,34.62
3_2,45.5771886379972,-73.1784993373486,1,0.00
3_2,45.5764859667258,-73.181424763269,2,0.24
3_2,45.5754229035878,-73.1842111923911,3,0.49
3_2,45.5738639938443,-73.1866799549675,4,0.75
3_2,45.5495414254083,-73.2035155854961,5,3.75
3_2,45.5484034867558,-73.2053913675316,6,3.95
3_2,45.5481211698856,-73.2075828020034,7,4.12
3_2,45.5481465567406,-73.2176744186719,8,4.91
3_2,45.547904598137,-73.2217481707661,9,5.23
3_2,45.5473643518523,-73.225323880269,10,5.51
3_2,45.5460432080354,-73.229774103894,11,5.89
3_2,45.5232970794913,-73.3059218339024,12,12.35
3_2,45.5187148456451,-73.3212081152329,13,13.65
3_2,45.5182045511356,-73.3228865302,14,13.79
3_2,45.5151876489314,-73.3332250352212,15,14.67
3_2,45.5146158660271,-73.3360681415582,16,14.90
3_2,45.5131493813593,-73.3563073731541,17,16.49
3_2,45.512018918375,-73.3744074541639,18,17.91
3_2,45.5081364819483,-73.4338230510271,19,22.57
3_2,45.5046183739221,-73.4856930535371,20,26.64
3_2,45.5041958487581,-73.489365846537,21,26.93
3_2,45.5036202105967,-73.4926930929668,22,27.20
3_2,45.5029724659943,-73.4954316359077,23,27.43
3_2,45.4996249918934,-73.505822079799,24,28.32
3_2,45.489955651078,-73.5343379960079,25,30.80
3_2,45.4874155649124,-73.5418971246328,26,31.45
3_2,45.4860185481412,-73.5476528035524,27,31.93
3_2,45.4849456535751,-73.5523979002146,28,32.32
3_2,45.4850259975711,-73.553779561928,29,32.42
3_2,45.4853673848364,-73.5549440089605,30,32.52
3_2,45.4859788641942,-73.5558017136333,31,32.62
3_2,45.4870493024479,-73.5565703464641,32,32.75
3_2,45.4927006357525,-73.5559490876553,33,33.38
3_2,45.4940143956433,-73.5559759775477,34,33.53
3_2,45.4952378363707,-73.556680902868,35,33.67
3_2,45.4958043286858,-73.5575003457118,36,33.76
3_2,45.4999926193153,-73.5666664467233,37,34.62
4_1,45.4947620353203,-73.570805750666,1,0.00
4_1,45.4895385185912,-73.5776053454072,2,0.79
4_1,45.4867731962734,-73.5816185093149,3,1.23
4_1,45.4836292963897,-73.5862958994159,4,1.73
4_1,45.4800794845254,-73.5919570506045,5,2.32
4_1,45.4776914284025,-73.5961613442898,6,2.75
4_1,45.4768263614733,-73.5975924222524,7,2.89
4_1,45.4759070859496,-73.5992535889025,8,3.06
4_1,45.4737620423281,-73.6030995911778,9,3.44
4_1,45.4536719903492,-73.6417387653488,10,7.20
4_1,45.4525174026753,-73.6439604846625,11,7.42
4_1,45.451452297811,-73.6465403212521,12,7.65
4_1,45.4510901644689,-73.6482397619826,13,7.79
4_1,45.4509882388794,-73.650489615884,14,7.97
4_1,45.4511928488723,-73.6522672505832,15,8.11
4_1,45.4518565604055,-73.6538927282654,16,8.25
4_1,45.4528356995642,-73.6551483403694,17,8.40
4_1,45.4538788269734,-73.6556626178495,18,8.52
4_1,45.456460900192,-73.6560277302738,19,8.81
4_1,45.4679069606615,-73.656046517128,20,10.08
4_1,45.4727391275568,-73.65605985192,21,10.62
4_1,45.4847160798819,-73.6560673332167,22,11.95
4_1,45.4857510036009,-73.655993435123,23,12.07
4_1,45.4866692442347,-73.6557017340703,24,12.17
4_1,45.4878940212597,-73.6549759003018,25,12.32
4_1,45.4906778903374,-73.652488752754,26,12.68
4_1,45.4928220424031,-73.6505881972964,27,12.96
4_1,45.5077403118198,-73.6372032684862,28,14.92
4_1,45.5156942907397,-73.6300421206268,29,15.97
4_1,45.5166674942636,-73.6288283962195,30,16.11
4_1,45.5188224164188,-73.6249548740665,31,16.50
4_1,45.5197775964807,-73.6237153546269,32,16.64
4_1,45.5256048722956,-73.6187098730115,33,17.40
4_1,45.5274962088446,-73.6170879848022,34,17.65
4_1,45.5283152704803,-73.6168848475988,35,17.74
4_1,45.5294846781542,-73.617258543614,36,17.87
4_1,45.5302846757292,-73.618092383413,37,17.98
4_1,45.5306795271333,-73.6191302381519,38,18.07
4_1,45.5314844387945,-73.6237794274432,39,18.45
4_1,45.5358976476003,-73.6504342421892,40,20.59
4_1,45.5363157923464,-73.654020504936,41,20.87
4_1,45.5368602600275,-73.6572742639546,42,21.13
4_1,45.5370481826374,-73.6580302394954,43,21.20
4_1,45.5372627390072,-73.6590423813223,44,21.28
4_1,45.5402419364859,-73.6769009374472,45,22.71
4_1,45.5428534640477,-73.6923654670777,46,23.95
4_1,45.5440903869222,-73.6952253934042,47,24.22
4_1,45.5454191252322,-73.6969844374279,48,24.42
4_1,45.5493091293399,-73.7005968059575,49,24.93
4_1,45.5583286786478,-73.7088523385333,50,26.12
4_1,45.5602790272218,-73.7101020898893,51,26.36
4_1,45.5730541369988,-73.7162740692543,52,27.86
4_1,45.5809021907272,-73.7201869107315,53,28.79
4_1,45.5820432842629,-73.721062756563,54,28.93
4_1,45.6037573160032,-73.742659032281,55,31.87
4_1,45.6242821725032,-73.7630609594108,56,34.65
4_1,45.6254300538811,-73.7647463211559,57,34.84
4_1,45.6262180443184,-73.766404397785,58,34.99
4_1,45.6267266769522,-73.7682279100979,59,35.15
4_1,45.6289407872403,-73.7829232947381,60,36.32
4_1,45.6344962296449,-73.7957392105248,61,37.49
4_1,45.6362761185553,-73.7998659912036,62,37.87
4_1,45.6368995282958,-73.8023192714235,63,38.07
4_1,45.6370991189797,-73.8050909844159,64,38.29
4_1,45.6360297746069,-73.8335478331048,65,40.51
4_1,45.6356583542292,-73.843499154873,66,41.29
4_1,45.6361443389479,-73.8464522924568,67,41.53
4_1,45.6371894984854,-73.8489600094098,68,41.75
4_1,45.6383634127506,-73.8505450572827,69,41.93
4_1,45.6397911065202,-73.8515288615963,70,42.11
4_1,45.6411220666821,-73.8517809160407,71,42.26
4_1,45.6424451736339,-73.8516609139792,72,42.41
4_1,45.6437250648709,-73.850963351461,73,42.56
4_1,45.6451964247576,-73.8494459019722,74,42.76
4_1,45.6468636161185,-73.8456588056754,75,43.11
4_1,45.647868397717,-73.8436764140696,76,43.30
4_1,45.6490147317161,-73.8424902572687,77,43.46
4_1,45.6503940052267,-73.8416390488769,78,43.62
4_1,45.6517713951115,-73.8414164763699,79,43.78
4_1,45.6535692748196,-73.8420047867091,80,43.98
4_1,45.6557232169522,-73.8438784350553,81,44.26
4_1,45.672417585119,-73.8661597194296,82,46.80
4_1,45.6937309177424,-73.8941872179763,83,50.03
4_1,45.7336914718827,-73.9479078105702,84,56.13
4_1,45.7581769778876,-73.9806776305881,85,59.86
4_1,45.766507280662,-73.9916902004965,86,61.12
4_1,45.7714826453031,-73.9980471051562,87,61.86
4_1,45.7731786028551,-73.999116574088,88,62.06
4_2,45.7731786028551,-73.999116574088,1,0.00
4_2,45.7714826453031,-73.9980471051562,2,0.21
4_2,45.766507280662,-73.9916902004965,3,0.95
4_2,45.7581769778876,-73.9806776305881,4,2.21
4_2,45.7336914718827,-73.9479078105702,5,5.94
4_2,45.6937309177424,-73.8941872179763,6,12.04
4_2,45.672417585119,-73.8661597194296,7,15.26
4_2,45.6557232169522,-73.8438784350553,8,17.80
4_2,45.6535692748196,-73.8420047867091,9,18.08
4_2,45.6517713951115,-73.8414164763699,10,18.29
4_2,45.6503940052267,-73.8416390488769,11,18.44
4_2,45.6490147317161,-73.8424902572687,12,18.61
4_2,45.647868397717,-73.8436764140696,13,18.77
4_2,45.6468636161185,-73.8456588056754,14,18.96
4_2,45.6459658783519,-73.8479368570263,15,19.16
4_2,45.6451964247576,-73.8494459019722,16,19.30
4_2,45.6437250648709,-73.850963351461,17,19.51
4_2,45.6424451736339,-73.8516609139792,18,19.66
4_2,45.6411220666821,-73.8517809160407,19,19.81
4_2,45.6397911065202,-73.8515288615963,20,19.96
4_2,45.6383634127506,-73.8505450572827,21,20.13
4_2,45.6371894984854,-73.8489600094098,22,20.31
4_2,45.6361443389479,-73.8464522924568,23,20.54
4_2,45.6356583542292,-73.843499154873,24,20.78
4_2,45.6360297746069,-73.8335478331048,25,21.55
4_2,45.6370991189797,-73.8050909844159,26,23.77
4_2,45.6368995282958,-73.8023192714235,27,23.99
4_2,45.6362761185553,-73.7998659912036,28,24.19
4_2,45.6344962296449,-73.7957392105248,29,24.57
4_2,45.6289407872403,-73.7829232947381,30,25.75
4_2,45.6267266769522,-73.7682279100979,31,26.92
4_2,45.6262180443184,-73.766404397785,32,27.07
4_2,45.6254300538811,-73.7647463211559,33,27.23
4_2,45.6242821725032,-73.7630609594108,34,27.41
4_2,45.6037573160032,-73.742659032281,35,30.19
4_2,45.5820432842629,-73.721062756563,36,33.14
4_2,45.5809021907272,-73.7201869107315,37,33.28
4_2,45.5730541369988,-73.7162740692543,38,34.20
4_2,45.5602790272218,-73.7101020898893,39,35.70
4_2,45.5583286786478,-73.7088523385333,40,35.94
4_2,45.5493091293399,-73.7005968059575,41,37.13
4_2,45.5454191252322,-73.6969844374279,42,37.65
4_2,45.5440903869222,-73.6952253934042,43,37.85
4_2,45.5428534640477,-73.6923654670777,44,38.11
4_2,45.5402419364859,-73.6769009374472,45,39.35
4_2,45.5372627390072,-73.6590423813223,46,40.79
4_2,45.5370481826374,-73.6580302394954,47,40.87
4_2,45.5368602600275,-73.6572742639546,48,40.93
4_2,45.5363157923464,-73.654020504936,49,41.19
4_2,45.5358976476003,-73.6504342421892,50,41.48
4_2,45.5314844387945,-73.6237794274432,51,43.62
4_2,45.5306795271333,-73.6191302381519,52,43.99
4_2,45.5302846757292,-73.618092383413,53,44.08
4_2,45.5294846781542,-73.617258543614,54,44.19
4_2,45.5283152704803,-73.6168848475988,55,44.33
4_2,45.5274962088446,-73.6170879848022,56,44.42
4_2,45.5256048722956,-73.6187098730115,57,44.66
4_2,45.5197775964807,-73.6237153546269,58,45.42
4_2,45.5188224164188,-73.6249548740665,59,45.56
4_2,45.5166674942636,-73.6288283962195,60,45.95
4_2,45.5156942907397,-73.6300421206268,61,46.09
4_2,45.5077403118198,-73.6372032684862,62,47.14
4_2,45.4928220424031,-73.6505881972964,63,49.10
4_2,45.4906778903374,-73.652488752754,64,49.38
4_2,45.4878940212597,-73.6549759003018,65,49.75
4_2,45.4866692442347,-73.6557017340703,66,49.89
4_2,45.4857510036009,-73.655993435123,67,50.00
4_2,45.4847160798819,-73.6560673332167,68,50.11
4_2,45.4727391275568,-73.65605985192,69,51.45
4_2,45.4679069606615,-73.656046517128,70,51.98
4_2,45.456460900192,-73.6560277302738,71,53.25
4_2,45.4538788269734,-73.6556626178495,72,53.54
4_2,45.4528356995642,-73.6551483403694,73,53.67
4_2,45.4518565604055,-73.6538927282654,74,53.81
4_2,45.4511928488723,-73.6522672505832,75,53.96
4_2,45.4509882388794,-73.650489615884,76,54.10
4_2,45.4510901644689,-73.6482397619826,77,54.28
4_2,45.451452297811,-73.6465403212521,78,54.41
4_2,45.4525174026753,-73.6439604846625,79,54.65
4_2,45.4536719903492,-73.6417387653488,80,54.86
4_2,45.4737620423281,-73.6030995911778,81,58.62
4_2,45.4759070859496,-73.5992535889025,82,59.01
4_2,45.4768263614733,-73.5975924222524,83,59.17
4_2,45.4776914284025,-73.5961613442898,84,59.32
4_2,45.4800794845254,-73.5919570506045,85,59.74
4_2,45.4836292963897,-73.5862958994159,86,60.33
4_2,45.4867731962734,-73.5816185093149,87,60.84
4_2,45.4895385185912,-73.5776053454072,88,61.28
4_2,45.4947620353203,-73.570805750666,89,62.07
4_3,45.5314844387945,-73.6237794274432,1,0.00
4_3,45.5358976476003,-73.6504342421892,2,2.14
4_3,45.5363157923464,-73.654020504936,3,2.42
4_3,45.5368602600275,-73.6572742639546,4,2.68
4_3,45.5370481826374,-73.6580302394954,5,2.75
4_3,45.5372627390072,-73.6590423813223,6,2.83
4_3,45.5402419364859,-73.6769009374472,7,4.26
4_3,45.5428534640477,-73.6923654670777,8,5.50
4_3,45.5440903869222,-73.6952253934042,9,5.77
4_3,45.5454191252322,-73.6969844374279,10,5.97
4_3,45.5493091293399,-73.7005968059575,11,6.48
4_3,45.5583286786478,-73.7088523385333,12,7.68
4_3,45.5602790272218,-73.7101020898893,13,7.91
4_3,45.5730541369988,-73.7162740692543,14,9.41
4_3,45.5809021907272,-73.7201869107315,15,10.34
4_3,45.5820432842629,-73.721062756563,16,10.48
4_3,45.6037573160032,-73.742659032281,17,13.42
4_3,45.6242821725032,-73.7630609594108,18,16.21
4_3,45.6254300538811,-73.7647463211559,19,16.39
4_3,45.6262180443184,-73.766404397785,20,16.55
4_3,45.6267266769522,-73.7682279100979,21,16.70
4_3,45.6289407872403,-73.7829232947381,22,17.87
4_3,45.6344962296449,-73.7957392105248,23,19.04
4_3,45.6362761185553,-73.7998659912036,24,19.42
4_3,45.6368995282958,-73.8023192714235,25,19.63
4_3,45.6370991189797,-73.8050909844159,26,19.84
4_3,45.6360297746069,-73.8335478331048,27,22.06
4_3,45.6356583542292,-73.843499154873,28,22.84
4_3,45.6361443389479,-73.8464522924568,29,23.08
4_3,45.6371894984854,-73.8489600094098,30,23.31
4_3,45.6383634127506,-73.8505450572827,31,23.49
4_3,45.6397911065202,-73.8515288615963,32,23.66
4_3,45.6411220666821,-73.8517809160407,33,23.81
4_3,45.6424451736339,-73.8516609139792,34,23.96
4_3,45.6437250648709,-73.850963351461,35,24.11
4_3,45.6451964247576,-73.8494459019722,36,24.31
4_3,45.6468636161185,-73.8456588056754,37,24.66
4_3,45.647868397717,-73.8436764140696,38,24.85
4_3,45.6490147317161,-73.8424902572687,39,25.01
4_3,45.6503940052267,-73.8416390488769,40,25.18
4_3,45.6517713951115,-73.8414164763699,41,25.33
4_3,45.6535692748196,-73.8420047867091,42,25.53
4_3,45.6557232169522,-73.8438784350553,43,25.82
4_3,45.672417585119,-73.8661597194296,44,28.36
4_3,45.6937309177424,-73.8941872179763,45,31.58
4_3,45.7336914718827,-73.9479078105702,46,37.68
4_3,45.7581769778876,-73.9806776305881,47,41.41
4_3,45.766507280662,-73.9916902004965,48,42.67
4_3,45.7714826453031,-73.9980471051562,49,43.41
4_3,45.7731786028551,-73.999116574088,50,43.62
4_4,45.7731786028551,-73.999116574088,1,0.00
4_4,45.7714826453031,-73.9980471051562,2,0.21
4_4,45.766507280662,-73.9916902004965,3,0.95
4_4,45.7581769778876,-73.9806776305881,4,2.21
4_4,45.7336914718827,-73.9479078105702,5,5.94
4_4,45.6937309177424,-73.8941872179763,6,12.04
4_4,45.672417585119,-73.8661597194296,7,15.26
4_4,45.6557232169522,-73.8438784350553,8,17.80
4_4,45.6535692748196,-73.8420047867091,9,18.08
4_4,45.6517713951115,-73.8414164763699,10,18.29
4_4,45.6503940052267,-73.8416390488769,11,18.44
4_4,45.6490147317161,-73.8424902572687,12,18.61
4_4,45.647868397717,-73.8436764140696,13,18.77
4_4,45.6468636161185,-73.8456588056754,14,18.96
4_4,45.6451964247576,-73.8494459019722,15,19.30
4_4,45.6437250648709,-73.850963351461,16,19.51
4_4,45.6424451736339,-73.8516609139792,17,19.66
4_4,45.6411220666821,-73.8517809160407,18,19.81
4_4,45.6397911065202,-73.8515288615963,19,19.95
4_4,45.6383634127506,-73.8505450572827,20,20.13
4_4,45.6371894984854,-73.8489600094098,21,20.31
4_4,45.6361443389479,-73.8464522924568,22,20.54
4_4,45.6356583542292,-73.843499154873,23,20.77
4_4,45.6360297746069,-73.8335478331048,24,21.55
4_4,45.6370991189797,-73.8050909844159,25,23.77
4_4,45.6368995282958,-73.8023192714235,26,23.99
4_4,45.6362761185553,-73.7998659912036,27,24.19
4_4,45.6344962296449,-73.7957392105248,28,24.57
4_4,45.6289407872403,-73.7829232947381,29,25.75
4_4,45.6267266769522,-73.7682279100979,30,26.92
4_4,45.6262180443184,-73.766404397785,31,27.07
4_4,45.6254300538811,-73.7647463211559,32,27.23
4_4,45.6242821725032,-73.7630609594108,33,27.41
4_4,45.6037573160032,-73.742659032281,34,30.19
4_4,45.5820432842629,-73.721062756563,35,33.13
4_4,45.5809021907272,-73.7201869107315,36,33.28
4_4,45.5730541369988,-73.7162740692543,37,34.20
4_4,45.5602790272218,-73.7101020898893,38,35.70
4_4,45.5583286786478,-73.7088523385333,39,35.94
4_4,45.5493091293399,-73.7005968059575,40,37.13
4_4,45.5454191252322,-73.6969844374279,41,37.65
4_4,45.5440903869222,-73.6952253934042,42,37.85
4_4,45.5428534640477,-73.6923654670777,43,38.11
4_4,45.5402419364859,-73.6769009374472,44,39.35
4_4,45.5372627390072,-73.6590423813223,45,40.79
4_4,45.5370481826374,-73.6580302394954,46,40.87
4_4,45.5368602600275,-73.6572742639546,47,40.93
4_4,45.5363157923464,-73.654020504936,48,41.19
4_4,45.5358976476003,-73.6504342421892,49,41.48
4_4,45.5314844387945,-73.6237794274432,50,43.62
4_5,45.5602790272218,-73.7101020898893,1,0.00
4_5,45.5730541369988,-73.7162740692543,2,1.50
4_5,45.5809021907272,-73.7201869107315,3,2.42
4_5,45.5820432842629,-73.721062756563,4,2.57
4_5,45.6037573160032,-73.742659032281,5,5.51
4_5,45.6242821725032,-73.7630609594108,6,8.29
4_5,45.6254300538811,-73.7647463211559,7,8.47
4_5,45.6262180443184,-73.766404397785,8,8.63
4_5,45.6267266769522,-73.7682279100979,9,8.78
4_5,45.6289407872403,-73.7829232947381,10,9.96
4_5,45.6344962296449,-73.7957392105248,11,11.13
4_5,45.6362761185553,-73.7998659912036,12,11.51
4_5,45.6368995282958,-73.8023192714235,13,11.71
4_5,45.6370991189797,-73.8050909844159,14,11.93
4_5,45.6360297746069,-73.8335478331048,15,14.15
4_5,45.6356583542292,-73.843499154873,16,14.93
4_5,45.6361443389479,-73.8464522924568,17,15.16
4_5,45.6371894984854,-73.8489600094098,18,15.39
4_5,45.6383634127506,-73.8505450572827,19,15.57
4_5,45.6397911065202,-73.8515288615963,20,15.75
4_5,45.6411220666821,-73.8517809160407,21,15.90
4_5,45.6424451736339,-73.8516609139792,22,16.04
4_5,45.6437250648709,-73.850963351461,23,16.20
4_5,45.6451964247576,-73.8494459019722,24,16.40
4_5,45.6468636161185,-73.8456588056754,25,16.75
4_5,45.647868397717,-73.8436764140696,26,16.94
4_5,45.6490147317161,-73.8424902572687,27,17.09
4_5,45.6503940052267,-73.8416390488769,28,17.26
4_5,45.6517713951115,-73.8414164763699,29,17.42
4_5,45.6535692748196,-73.8420047867091,30,17.62
4_5,45.6557232169522,-73.8438784350553,31,17.90
4_5,45.672417585119,-73.8661597194296,32,20.44
4_5,45.6937309177424,-73.8941872179763,33,23.66
4_5,45.7336914718827,-73.9479078105702,34,29.76
4_5,45.7581769778876,-73.9806776305881,35,33.49
4_5,45.766507280662,-73.9916902004965,36,34.75
4_5,45.7714826453031,-73.9980471051562,37,35.50
4_5,45.7731786028551,-73.999116574088,38,35.70
4_6,45.7731786028551,-73.999116574088,1,0.00
4_6,45.7714826453031,-73.9980471051562,2,0.21
4_6,45.766507280662,-73.9916902004965,3,0.95
4_6,45.7581769778876,-73.9806776305881,4,2.21
4_6,45.7336914718827,-73.9479078105702,5,5.94
4_6,45.6937309177424,-73.8941872179763,6,12.04
4_6,45.672417585119,-73.8661597194296,7,15.26
4_6,45.6557232169522,-73.8438784350553,8,17.80
4_6,45.6535692748196,-73.8420047867091,9,18.08
4_6,45.6517713951115,-73.8414164763699,10,18.29
4_6,45.6503940052267,-73.8416390488769,11,18.44
4_6,45.6490147317161,-73.8424902572687,12,18.61
4_6,45.647868397717,-73.8436764140696,13,18.77
4_6,45.6468636161185,-73.8456588056754,14,18.96
4_6,45.6451964247576,-73.8494459019722,15,19.30
4_6,45.6437250648709,-73.850963351461,16,19.51
4_6,45.6424451736339,-73.8516609139792,17,19.66
4_6,45.6411220666821,-73.8517809160407,18,19.81
4_6,45.6397911065202,-73.8515288615963,19,19.95
4_6,45.6383634127506,-73.8505450572827,20,20.13
4_6,45.6371894984854,-73.8489600094098,21,20.31
4_6,45.6361443389479,-73.8464522924568,22,20.54
4_6,45.6356583542292,-73.843499154873,23,20.77
4_6,45.6360297746069,-73.8335478331048,24,21.55
4_6,45.6370991189797,-73.8050909844159,25,23.77
4_6,45.6368995282958,-73.8023192714235,26,23.99
4_6,45.6362761185553,-73.7998659912036,27,24.19
4_6,45.6344962296449,-73.7957392105248,28,24.57
4_6,45.6289407872403,-73.7829232947381,29,25.75
4_6,45.6267266769522,-73.7682279100979,30,26.92
4_6,45.6262180443184,-73.766404397785,31,27.07
4_6,45.6254300538811,-73.7647463211559,32,27.23
4_6,45.6242821725032,-73.7630609594108,33,27.41
4_6,45.6037573160032,-73.742659032281,34,30.19
4_6,45.5820432842629,-73.721062756563,35,33.13
4_6,45.5809021907272,-73.7201869107315,36,33.28
4_6,45.5730541369988,-73.7162740692543,37,34.20
4_6,45.5602790272218,-73.7101020898893,38,35.70
5_1,45.4947620353203,-73.570805750666,1,0.00
5_1,45.4895385185912,-73.5776053454072,2,0.79
5_1,45.4867731962734,-73.5816185093149,3,1.23
5_1,45.4836292963897,-73.5862958994159,4,1.73
5_1,45.4800794845254,-73.5919570506045,5,2.32
5_1,45.4776914284025,-73.5961613442898,6,2.75
5_1,45.4768263614733,-73.5975924222524,7,2.89
5_1,45.4759070859496,-73.5992535889025,8,3.06
5_1,45.4737620423281,-73.6030995911778,9,3.44
5_1,45.4536719903492,-73.6417387653488,10,7.20
5_1,45.4525174026753,-73.6439604846625,11,7.42
5_1,45.4522018101439,-73.6444710838341,12,7.47
5_1,45.4515073680928,-73.6456966607846,13,7.59
5_1,45.4509473466549,-73.6473444540455,14,7.74
5_1,45.4507205951751,-73.648724613111,15,7.85
5_1,45.4505805768953,-73.6525468661749,16,8.15
5_1,45.4500294206348,-73.6542201579662,17,8.29
5_1,45.4493171377773,-73.6552537532971,18,8.40
5_1,45.4487856879656,-73.6556486080122,19,8.47
5_1,45.4481375008203,-73.6558641555726,20,8.54
5_1,45.4472734543456,-73.6560023992787,21,8.64
5_1,45.4428643171046,-73.6559007664623,22,9.13
5_1,45.4376361907861,-73.6558863689166,23,9.71
5_1,45.4341896943167,-73.6559280038424,24,10.10
5_1,45.4284756925731,-73.6558739314114,25,10.73
5_1,45.4276566182899,-73.6560250311742,26,10.82
5_1,45.4252077082655,-73.6569767067354,27,11.10
5_1,45.4232898788107,-73.6578019957723,28,11.33
5_1,45.4136197010628,-73.6618890449392,29,12.45
5_1,45.4094349454555,-73.6621836995628,30,12.91
5_1,45.4075462467112,-73.6614756709943,31,13.13
5_1,45.4061623230059,-73.660155937822,32,13.32
5_1,45.4053450079126,-73.6590422487115,33,13.44
5_1,45.4048421005966,-73.6583126987484,34,13.52
5_1,45.4045370862016,-73.6576348091157,35,13.58
5_1,45.395047337848,-73.6334945894665,36,15.75
5_1,45.3820335001678,-73.6000979691623,37,18.74
5_1,45.3812074222124,-73.5980279268268,38,18.92
5_1,45.3778420129796,-73.5868115587009,39,19.88
5_1,45.3748543211435,-73.574256425638,40,20.92
5_1,45.3739389657168,-73.5702973321214,41,21.24
5_1,45.3668353867916,-73.5407995188962,42,23.68
5_1,45.3606506438308,-73.5147939581491,43,25.83
5_2,45.3606506438308,-73.5147939581491,1,0.00
5_2,45.3668353867916,-73.5407995188962,2,2.15
5_2,45.3739389657168,-73.5702973321214,3,4.59
5_2,45.3748543211435,-73.574256425638,4,4.92
5_2,45.3778420129796,-73.5868115587009,5,5.96
5_2,45.3812074222124,-73.5980279268268,6,6.91
5_2,45.3820335001678,-73.6000979691623,7,7.10
5_2,45.395047337848,-73.6334945894665,8,10.09
5_2,45.4045370862016,-73.6576348091157,9,12.25
5_2,45.4048421005966,-73.6583126987484,10,12.31
5_2,45.4053450079126,-73.6590422487115,11,12.39
5_2,45.4061623230059,-73.660155937822,12,12.52
5_2,45.4075462467112,-73.6614756709943,13,12.70
5_2,45.4094349454555,-73.6621836995628,14,12.92
5_2,45.4136197010628,-73.6618890449392,15,13.39
5_2,45.4232898788107,-73.6578019957723,16,14.51
5_2,45.4252077082655,-73.6569767067354,17,14.73
5_2,45.4276566182899,-73.6560250311742,18,15.01
5_2,45.4284756925731,-73.6558739314114,19,15.10
5_2,45.4341896943167,-73.6559280038424,20,15.74
5_2,45.4376361907861,-73.6558863689166,21,16.12
5_2,45.4428643171046,-73.6559007664623,22,16.70
5_2,45.4472734543456,-73.6560023992787,23,17.19
5_2,45.4481375008203,-73.6558641555726,24,17.29
5_2,45.4487856879656,-73.6556486080122,25,17.36
5_2,45.4493171377773,-73.6552537532971,26,17.43
5_2,45.4500294206348,-73.6542201579662,27,17.54
5_2,45.4505805768953,-73.6525468661749,28,17.69
5_2,45.4507205951751,-73.648724613111,29,17.99
5_2,45.4509473466549,-73.6473444540455,30,18.10
5_2,45.4515073680928,-73.6456966607846,31,18.24
5_2,45.4522018101439,-73.6444710838341,32,18.36
5_2,45.4525174026753,-73.6439604846625,33,18.42
5_2,45.4536719903492,-73.6417387653488,34,18.63
5_2,45.4737620423281,-73.6030995911778,35,22.39
5_2,45.4759070859496,-73.5992535889025,36,22.77
5_2,45.4768263614733,-73.5975924222524,37,22.94
5_2,45.4776914284025,-73.5961613442898,38,23.09
5_2,45.4800794845254,-73.5919570506045,39,23.51
5_2,45.4836292963897,-73.5862958994159,40,24.10
5_2,45.4867731962734,-73.5816185093149,41,24.61
5_2,45.4895385185912,-73.5776053454072,42,25.05
5_2,45.4947620353203,-73.570805750666,43,25.83
6_1,45.4999926193153,-73.5666664467233,1,0.00
6_1,45.5031828845284,-73.5734779956612,2,0.64
6_1,45.5038829500093,-73.5762430031764,3,0.87
6_1,45.5100797715506,-73.6126365062944,4,3.80
6_1,45.5138896215388,-73.6343512314225,5,5.54
6_1,45.5169003007672,-73.6448157466987,6,6.43
6_1,45.5229456574568,-73.6658250042572,7,8.20
6_1,45.5233226949811,-73.6664405672131,8,8.26
6_1,45.5245895912011,-73.6677244470011,9,8.44
6_1,45.5252011785568,-73.6679310896827,10,8.51
6_1,45.5253991235759,-73.6679444802639,11,8.53
6_1,45.5262272544418,-73.6677549173508,12,8.62
6_1,45.535017049501,-73.6626595277141,13,9.68
6_1,45.5493989906651,-73.6543379892286,14,11.40
6_1,45.5646808113796,-73.6454765034443,15,13.24
6_1,45.5659867199749,-73.6445703046828,16,13.40
6_1,45.5829837575918,-73.6302614556486,17,15.59
6_1,45.5911707056185,-73.6235132458787,18,16.64
6_1,45.6003300616619,-73.615778056965,19,17.83
6_1,45.6076336788789,-73.6096777911523,20,18.77
6_1,45.6087234347148,-73.6086670904986,21,18.91
6_1,45.6113360598919,-73.605325813408,22,19.30
6_1,45.6178584591404,-73.5966570934621,23,20.29
6_1,45.6205789281513,-73.5930456071889,24,20.71
6_1,45.6247314211319,-73.5876021865917,25,21.33
6_1,45.6282352335877,-73.5829136905861,26,21.87
6_1,45.647155937018,-73.5578346066976,27,24.74
6_1,45.6512348142138,-73.5522448119628,28,25.37
6_1,45.6514238582459,-73.5520653635053,29,25.39
6_1,45.6591485662437,-73.5416785491748,30,26.57
6_1,45.6606521521568,-73.5391645125645,31,26.83
6_1,45.6707616255586,-73.5223580807066,32,28.56
6_1,45.6712567376382,-73.5212416474316,33,28.66
6_1,45.6716258531651,-73.5201893238961,34,28.75
6_1,45.672004037796,-73.5186492594995,35,28.88
6_1,45.6748668502272,-73.5053396335276,36,29.96
6_1,45.6765136164264,-73.4977922021509,37,30.58
6_1,45.6767835387894,-73.4968423204529,38,30.66
6_1,45.6772244163252,-73.495841072327,39,30.75
6_1,45.6783581235717,-73.494428978208,40,30.92
6_1,45.6791949268973,-73.4939411025757,41,31.02
6_1,45.6800047486944,-73.4937227890212,42,31.11
6_1,45.6882110140151,-73.4930029034634,43,32.02
6_1,45.6903795286793,-73.492437708037,44,32.27
6_1,45.6919271444539,-73.4915387303028,45,32.45
6_1,45.6928448868245,-73.4906783273561,46,32.58
6_1,45.6950941656574,-73.4879686536894,47,32.90
6_1,45.6960478556273,-73.4869540494792,48,33.04
6_1,45.6968396230999,-73.4863760345985,49,33.13
6_1,45.6980632716573,-73.4855924386475,50,33.28
6_1,45.6992510105611,-73.4854894037197,51,33.42
6_1,45.6996829137477,-73.4854379266618,52,33.46
6_1,45.7050908338505,-73.4858603275314,53,34.07
6_1,45.7086721323032,-73.4862832565431,54,34.46
6_1,45.7178234452102,-73.4885289782291,55,35.50
6_1,45.7184533192071,-73.4886059231457,56,35.57
6_1,45.7197490374927,-73.4885414301337,57,35.71
6_1,45.7224934007422,-73.4880270067547,58,36.02
6_1,45.73457759649,-73.4861098745643,59,37.37
6_1,45.7371510010158,-73.4857751386249,60,37.66
6_1,45.7371779951946,-73.4857751317709,61,37.66
6_1,45.7372139858322,-73.4857622726981,62,37.66
6_1,45.7372409800106,-73.4857622658378,63,37.67
6_1,45.7372679741889,-73.4857622589775,64,37.67
6_1,45.7372949667651,-73.4857494021646,65,37.67
6_1,45.7373219609432,-73.4857493952981,66,37.68
6_1,45.7373489551211,-73.4857493884316,67,37.68
6_1,45.7373759492989,-73.4857493815651,68,37.68
6_1,45.7374119399324,-73.4857365224303,69,37.69
6_1,45.7374389341099,-73.4857365155576,70,37.69
6_1,45.7374659282873,-73.4857365086848,71,37.69
6_1,45.7374929224645,-73.4857365018121,72,37.70
6_1,45.7375199166416,-73.4857364949393,73,37.70
6_1,45.7375469108186,-73.4857364880665,74,37.70
6_1,45.7375829030545,-73.4857364789028,75,37.71
6_1,45.7376098972311,-73.48573647203,76,37.71
6_1,45.7376368914077,-73.4857364651572,77,37.71
6_1,45.7376638855842,-73.4857364582844,78,37.71
6_1,45.7376908797605,-73.4857364514115,79,37.72
6_1,45.7377268719953,-73.4857364422477,80,37.72
6_1,45.7377538661714,-73.4857364353749,81,37.72
6_1,45.7378708425361,-73.4857492556771,82,37.74
6_1,45.7379968185559,-73.4857749238594,83,37.75
6_1,45.7381137965091,-73.4858005944378,84,37.76
6_1,45.7382397756973,-73.4858519631853,85,37.78
6_1,45.738356756802,-73.485903334428,86,37.79
6_1,45.7384737378812,-73.4859547058852,87,37.81
6_1,45.7385817240225,-73.4860317803001,88,37.82
6_1,45.7386897101098,-73.486108855012,89,37.83
6_1,45.738797697696,-73.4861987803183,90,37.85
6_1,45.7389056852095,-73.4862887059713,91,37.86
6_1,45.7390046761247,-73.4863914845037,92,37.87
6_1,45.7391036684641,-73.4865071137667,93,37.89
6_1,45.7391936626285,-73.4866227455871,94,37.90
6_1,45.7392746601089,-73.4867512303158,95,37.92
6_1,45.7393646554999,-73.4868797133086,96,37.93
6_1,45.7394366560935,-73.4870210513318,97,37.94
6_1,45.7395086565114,-73.4871623897184,98,37.96
6_1,45.7395716586977,-73.4873037305076,99,37.97
6_1,45.7396346621199,-73.4874579221041,100,37.98
6_1,45.7396886686703,-73.487624966539,101,38.00
6_1,45.7397336755466,-73.4877791627449,102,38.01
6_1,45.7397426777192,-73.4878177123243,103,38.01
6_1,45.7397516798788,-73.4878562619161,104,38.02
6_1,45.7397606820253,-73.4878948115203,105,38.02
6_1,45.7397696841589,-73.4879333611368,106,38.02
6_1,45.7397786862794,-73.4879719107658,107,38.03
6_1,45.7397876883869,-73.4880104604072,108,38.03
6_1,45.7397966904814,-73.4880490100609,109,38.03
6_1,45.7398056925629,-73.4880875597271,110,38.04
6_1,45.7398146946313,-73.4881261094056,111,38.04
6_1,45.7398236966868,-73.4881646590965,112,38.04
6_1,45.7398327000553,-73.4882160593346,113,38.05
6_1,45.7398417020803,-73.4882546090524,114,38.05
6_1,45.7398417060369,-73.488293160663,115,38.05
6_1,45.739850708036,-73.4883317103994,116,38.06
6_1,45.739859710022,-73.4883702601482,117,38.06
6_1,45.7398687119949,-73.4884088099093,118,38.06
6_1,45.7398687158995,-73.4884473615385,119,38.07
6_1,45.7398777178465,-73.4884859113183,120,38.07
6_1,45.7398867197804,-73.4885244611104,121,38.07
6_1,45.739886723646,-73.4885630127521,122,38.08
6_1,45.7398957255539,-73.4886015625628,123,38.08
6_1,45.7399047274488,-73.4886401123859,124,38.08
6_1,45.7399047325479,-73.4886915145913,125,38.09
6_1,45.7399137344125,-73.4887300644351,126,38.09
6_1,45.739922736264,-73.4887686142913,127,38.09
6_1,45.7407959745441,-73.4946540854811,128,38.56
6_1,45.7408049749917,-73.4947054876546,129,38.56
6_1,45.7408139760052,-73.4947697406048,130,38.57
6_1,45.7408139783467,-73.4948211436453,131,38.57
6_1,45.7408229787192,-73.4948725458622,132,38.58
6_1,45.7408319796387,-73.4949367988599,133,38.58
6_1,45.740840979959,-73.4949882011119,134,38.59
6_1,45.7408499802563,-73.4950396033804,135,38.59
6_1,45.7408589810818,-73.4951038564359,136,38.60
6_1,45.740867981327,-73.4951552587395,137,38.60
6_1,45.7408769820875,-73.4952195118343,138,38.61
6_1,45.7408769842266,-73.4952709149326,139,38.61
6_1,45.7408859843966,-73.4953223172796,140,38.61
6_1,45.7408949850631,-73.4953865704219,141,38.62
6_1,45.7408949871271,-73.4954379735368,142,38.62
6_1,45.7409039877285,-73.4955022267079,143,38.63
6_1,45.7409219927081,-73.4957335393916,144,38.65
6_1,45.7409399976725,-73.4959777030131,145,38.66
6_1,45.7409400060074,-73.4962218680054,146,38.68
6_1,45.7409400138204,-73.4964660329977,147,38.70
6_1,45.7409310230578,-73.4967101985186,148,38.72
6_1,45.7409220317734,-73.4969543639612,149,38.74
6_1,45.7408950435435,-73.4971856794467,150,38.76
6_1,45.7408680551349,-73.4974298454818,151,38.78
6_1,45.7408320681504,-73.4976740116554,152,38.80
6_1,45.740796080409,-73.4979053267591,153,38.82
6_1,45.7407420960906,-73.4981366421643,154,38.84
6_1,45.7406881113035,-73.4983679571237,155,38.85
6_1,45.7406251278348,-73.4985864211453,156,38.87
6_1,45.7405621440815,-73.4988177353781,157,38.89
6_1,45.7404901616969,-73.4990361985576,158,38.91
6_1,45.7404091807543,-73.4992418106281,159,38.93
6_1,45.7403192014471,-73.4994602728395,160,38.95
6_1,45.740229221684,-73.499665883723,161,38.97
6_1,45.740130243479,-73.4998586433634,162,38.99
6_1,45.7400222668918,-73.5000514023142,163,39.01
6_1,45.7399142899774,-73.500244160522,164,39.02
6_1,45.7398063127841,-73.5004240674577,165,39.04
6_1,45.739680339261,-73.5005911230057,166,39.06
6_1,45.7395633635469,-73.5007581779241,167,39.08
6_1,45.7394283915769,-73.5009123814052,168,39.10
6_1,45.7393024174522,-73.5010665843147,169,39.12
6_1,45.7391584471397,-73.501207935758,170,39.14
6_1,45.7390234747056,-73.5013492866915,171,39.16
6_1,45.7388795042033,-73.501477786388,172,39.17
6_1,45.7387265356753,-73.5015934348848,173,39.19
6_1,45.7385735670262,-73.5017090827499,174,39.21
6_1,45.7384205986635,-73.5017990295612,175,39.23
6_1,45.7382676300127,-73.5019018260574,176,39.25
6_1,45.738105663655,-73.5019789213924,177,39.27
6_1,45.7379436972407,-73.5020560162816,178,39.29
6_1,45.7377817310089,-73.5021202606605,179,39.31
6_1,45.7376107669222,-73.5021716542917,180,39.33
6_1,45.7375747744405,-73.5021845029136,181,39.33
6_1,45.7375387819571,-73.502197351519,182,39.33
6_1,45.7374937914128,-73.502210199753,183,39.34
6_1,45.7374577991753,-73.502210198333,184,39.34
6_1,45.7374128086289,-73.502223046538,185,39.35
6_1,45.7373768161402,-73.5022358950816,186,39.35
6_1,45.7373408236498,-73.5022487436086,187,39.36
6_1,45.7372958333517,-73.5022487418027,188,39.36
6_1,45.7372598408594,-73.5022615903029,189,39.37
6_1,45.7372148503056,-73.5022744384212,190,39.37
6_1,45.7371788580664,-73.50227443696,191,39.38
6_1,45.7371338675106,-73.5022872850495,192,39.38
6_1,45.7370978752708,-73.50228728358,193,39.38
6_1,45.7370618827729,-73.5023001320101,194,39.39
6_1,45.7370168922132,-73.5023129800521,195,39.39
6_1,45.7339035487495,-73.5029167627578,196,39.74
6_1,45.7338675564894,-73.5029167608841,197,39.75
6_1,45.7338405619654,-73.5029296086396,198,39.75
6_1,45.7338045697048,-73.5029296067577,199,39.75
6_1,45.7337775751791,-73.5029424544925,200,39.76
6_1,45.7337505809834,-73.5029424530749,201,39.76
6_1,45.7337145887223,-73.5029424511847,202,39.76
6_1,45.7336875941946,-73.5029552988927,203,39.77
6_1,45.7336516016,-73.5029681461117,204,39.77
6_1,45.7336246074037,-73.5029681446817,205,39.77
6_1,45.7335886148073,-73.5029809918779,206,39.78
6_1,45.7335616206107,-73.5029809904418,207,39.78
6_1,45.7335256280124,-73.5029938376153,208,39.79
6_1,45.7334986338156,-73.502993836173,209,39.79
6_1,45.7334716392811,-73.5030066838067,210,39.79
6_1,45.7334356466794,-73.5030195309431,211,39.80
6_1,45.7334086524821,-73.5030195294884,212,39.80
6_1,45.7333726598785,-73.5030323766021,213,39.80
6_1,45.7333456653392,-73.5030452241884,214,39.81
6_1,45.7333186707982,-73.5030580717623,215,39.81
6_1,45.7332826781898,-73.5030709188306,216,39.81
6_1,45.7332556839917,-73.5030709173512,217,39.82
6_1,45.7331207112548,-73.5031351549318,218,39.83
6_1,45.732994736545,-73.5031993927168,219,39.85
6_1,45.7328687614286,-73.5032764791507,220,39.86
6_1,45.7327427862573,-73.5033535652381,221,39.88
6_1,45.7326258083239,-73.5034563492939,222,39.89
6_1,45.7324998322283,-73.5035591323491,223,39.91
6_1,45.7323918521723,-73.5036619161182,224,39.92
6_1,45.7322838715977,-73.5037775482949,225,39.94
6_1,45.7321758904655,-73.5039060288048,226,39.95
6_1,45.7320769068003,-73.5040473582237,227,39.97
6_1,45.7319869210266,-73.5041886878159,228,39.98
6_1,45.7318969350766,-73.5043300169542,229,40.00
6_1,45.7318069479419,-73.5044970430272,230,40.02
6_1,45.7317349572222,-73.5046512213838,231,40.03
6_1,45.7316629657525,-73.5048182480055,232,40.05
6_1,45.7315999715449,-73.5049981236455,233,40.06
6_1,45.7315369776351,-73.5051651502486,234,40.08
6_1,45.7314829809489,-73.5053450259524,235,40.09
6_1,45.7314379814259,-73.5055377508064,236,40.11
6_1,45.73140198029,-73.5057176276695,237,40.12
6_1,45.7313659782069,-73.5059103528948,238,40.14
6_1,45.7313389738674,-73.5061030788523,239,40.15
6_1,45.7313209672718,-73.5062958056351,240,40.17
6_1,45.7313119576897,-73.5065013819166,241,40.18
6_1,45.7313119554899,-73.5065399276589,242,40.19
6_1,45.7313119525365,-73.5065913219821,243,40.19
6_1,45.7313119503063,-73.5066298677244,244,40.19
6_1,45.7313119473124,-73.5066812620475,245,40.20
6_1,45.7313119450519,-73.5067198077898,246,40.20
6_1,45.7313119427783,-73.5067583535321,247,40.20
6_1,45.7313119397267,-73.5068097478552,248,40.21
6_1,45.7313119374228,-73.5068482935975,249,40.21
6_1,45.7313119343306,-73.5068996879205,250,40.21
6_1,45.7313119319964,-73.5069382336628,251,40.22
6_1,45.7313119288639,-73.5069896279859,252,40.22
6_1,45.7313119264993,-73.5070281737281,253,40.22
6_1,45.7313209213953,-73.507079569188,254,40.23
6_1,45.7313209190003,-73.5071181149365,255,40.23
6_1,45.7313209157869,-73.5071695092677,256,40.24
6_1,45.7313209133616,-73.5072080550162,257,40.24
6_1,45.7313209101077,-73.5072594493474,258,40.24
6_1,45.7313299057211,-73.5072979962678,259,40.25
6_1,45.7313299024267,-73.5073493906073,260,40.25
6_1,45.7313298999407,-73.5073879363619,261,40.25
6_1,45.7313298966059,-73.5074393307013,262,40.26
6_1,45.7313748276553,-73.5083001925503,263,40.32
6_1,45.731383821979,-73.508351588272,264,40.33
6_1,45.7313838172649,-73.508415831258,265,40.33
6_1,45.7313838134677,-73.5084672256468,266,40.34
6_1,45.7313928067576,-73.5085314700028,267,40.34
6_1,45.7313928029083,-73.5085828643998,268,40.35
6_1,45.7313927980643,-73.5086471073961,269,40.35
6_1,45.7314017922319,-73.5086985031899,270,40.36
6_1,45.7314017883075,-73.5087498975951,271,40.36
6_1,45.7314017833695,-73.5088141406017,272,40.36
6_1,45.7314017793931,-73.5088655350069,273,40.37
6_1,45.7314017743901,-73.5089297780134,274,40.37
6_1,45.7314017571097,-73.5091482042354,275,40.39
6_1,45.7313927402888,-73.5093794775523,276,40.41
6_1,45.7313837240798,-73.5095979021976,277,40.43
6_1,45.7313657093843,-73.5098163251962,278,40.44
6_1,45.731338695073,-73.5100475950297,279,40.46
6_1,45.7313116814488,-73.5102660160596,280,40.48
6_1,45.7312666712688,-73.5104844335116,281,40.50
6_1,45.7312216618738,-73.5106900020528,282,40.51
6_1,45.7312126577758,-73.5107542431255,283,40.52
6_1,45.7312036548576,-73.5108056356218,284,40.52
6_1,45.7311856538471,-73.5108570263582,285,40.53
6_1,45.7311766508826,-73.5109084188132,286,40.53
6_1,45.7311586485926,-73.5109726580373,287,40.54
6_1,45.7311496455761,-73.5110240504489,288,40.54
6_1,45.7311316444672,-73.5110754410656,289,40.54
6_1,45.7311226414043,-73.5111268334359,290,40.55
6_1,45.7311046402492,-73.5111782239948,291,40.55
6_1,45.7310956371401,-73.5112296163239,292,40.56
6_1,45.7310776359385,-73.511281006825,293,40.56
6_1,45.7292231109398,-73.5183856338615,294,41.15
6_1,45.7292051085868,-73.5184241722486,295,41.16
6_1,45.7291961022159,-73.5184755616705,296,41.16
6_1,45.7291870958218,-73.5185269510759,297,41.16
6_1,45.7291690934211,-73.5185654893929,298,41.17
6_1,45.7291600869865,-73.518616878759,299,41.17
6_1,45.7291510826274,-73.518655420024,300,41.17
6_1,45.7291330780803,-73.5187068063555,301,41.18
6_1,45.7291240736908,-73.5187453475873,302,41.18
6_1,45.7290790536772,-73.5189252054928,303,41.20
6_1,45.7290610490086,-73.5189765916715,304,41.20
6_1,45.729052044528,-73.5190151328105,305,41.20
6_1,45.729043037891,-73.519066521997,306,41.21
6_1,45.7290250353079,-73.5191050600415,307,41.21
6_1,45.7290160286304,-73.5191564491888,308,41.22
6_1,45.7289980260169,-73.5191949871858,309,41.22
6_1,45.728989019299,-73.5192463762938,310,41.22
6_1,45.7289800147273,-73.5192849173399,311,41.23
6_1,45.7284847839545,-73.5211862409531,312,41.39
6_1,45.7156982535909,-73.567962906907,313,45.29
6_1,45.715671205807,-73.5680527890929,314,45.30
6_1,45.7156441579524,-73.568142671192,315,45.31
6_1,45.7156261157849,-73.5682197191787,316,45.32
6_1,45.7155990677988,-73.5683096011249,317,45.32
6_1,45.7155810255187,-73.5683866489957,318,45.33
6_1,45.7155539774011,-73.5684765307889,319,45.34
6_1,45.7155359273004,-73.5685664234997,320,45.34
6_1,45.7155088867594,-73.5686434601842,321,45.35
6_1,45.7154908365272,-73.5687333527688,322,45.36
6_1,45.7154637881367,-73.56882323425,323,45.37
6_1,45.7154457455099,-73.5689002817692,324,45.37
6_1,45.7154276950756,-73.5689901741697,325,45.38
6_1,45.7153374964554,-73.5693497209321,326,45.41
6_1,45.7152652850408,-73.5697221338052,327,45.44
6_1,45.7151930802916,-73.5700817008408,328,45.47
6_1,45.7151298645782,-73.5704541231164,329,45.50
6_1,45.7150666476506,-73.5708265445507,330,45.53
6_1,45.7150214256848,-73.5711989879971,331,45.56
6_1,45.7149761944576,-73.5715842756679,332,45.59
6_1,45.7149399681096,-73.5719567294475,333,45.62
6_1,45.7149037324151,-73.5723420275542,334,45.65
6_1,45.7148854997728,-73.5727145036993,335,45.68
6_1,45.7148672576986,-73.5730998244021,336,45.71
6_1,45.7148580124127,-73.5734851566459,337,45.74
6_1,45.7148577722192,-73.5738576558174,338,45.77
6_1,45.7148575224652,-73.5742429997829,339,45.80
6_1,45.7148752675864,-73.5746283676972,340,45.83
6_1,45.7148930198404,-73.5750008910471,341,45.85
6_1,45.7149197604921,-73.5753862715406,342,45.89
6_1,45.7149465083616,-73.5757588075813,343,45.91
6_1,45.7149554467927,-73.5758487334849,344,45.92
6_1,45.7149643851531,-73.5759386594171,345,45.93
6_1,45.7149733234426,-73.5760285853779,346,45.94
6_1,45.7149822616613,-73.5761185113673,347,45.94
6_1,45.7150001978962,-73.5762084496158,348,45.95
6_1,45.7150091359732,-73.5762983756768,349,45.96
6_1,45.7150180739795,-73.5763883017663,350,45.96
6_1,45.7150270119149,-73.5764782278845,351,45.97
6_1,45.7150359497796,-73.5765681540312,352,45.98
6_1,45.7150538856602,-73.5766580925092,353,45.99
6_1,45.7150628233831,-73.5767480187275,354,45.99
6_1,45.7150717610353,-73.5768379449744,355,46.00
6_1,45.7184688728352,-73.604730479782,356,48.20
6_1,45.7184688375035,-73.6047690166285,357,48.21
6_1,45.7184778002332,-73.6048075702973,358,48.21
6_1,45.7184777648754,-73.6048461071498,359,48.21
6_1,45.7184867393707,-73.6048718152175,360,48.21
6_1,45.7184867039913,-73.6049103520761,361,48.22
6_1,45.7184956666732,-73.6049489057797,362,48.22
6_1,45.7184956312678,-73.6049874426443,363,48.22
6_1,45.7185046057312,-73.6050131507428,364,48.23
6_1,45.7185135683783,-73.6050517044751,365,48.23
6_1,45.7185135329382,-73.6050902413519,366,48.23
6_1,45.7185224955593,-73.6051287951026,367,48.24
6_1,45.7185224719167,-73.6051544863578,368,48.24
6_1,45.718531434516,-73.605193040125,369,48.24
6_1,45.7185403971024,-73.6052315939044,370,48.24
6_1,45.7185403616016,-73.6052701307994,371,48.25
6_1,45.7185493360013,-73.6052958389635,372,48.25
6_1,45.7185582985529,-73.6053343927717,373,48.25
6_1,45.7185582630174,-73.6053729296788,374,48.26
6_1,45.7185672373939,-73.6053986378676,375,48.26
6_1,45.7185761999108,-73.6054371917044,376,48.26
6_1,45.7185851624146,-73.6054757455535,377,48.26
6_1,45.7185941367679,-73.6055014537711,378,48.27
6_1,45.718594101176,-73.6055399907027,379,48.27
6_1,45.7186030636451,-73.6055785445805,380,48.27
6_1,45.718647923352,-73.6057199315296,381,48.28
6_1,45.7186927828834,-73.6058613187048,382,48.30
6_1,45.7187466403128,-73.6060027231205,383,48.31
6_1,45.7188005094998,-73.6061312821167,384,48.32
6_1,45.7188723746881,-73.6062598754713,385,48.33
6_1,45.7189352536181,-73.6063756063574,386,48.34
6_1,45.7190161285761,-73.606491371689,387,48.36
6_1,45.7190970154007,-73.6065942915961,388,48.37
6_1,45.7191779021312,-73.6066972118001,389,48.38
6_1,45.7192677988474,-73.6067873036462,390,48.39
6_1,45.7193576954908,-73.6068773957815,391,48.41
6_1,45.7194566141843,-73.6069418136936,392,48.42
6_1,45.7195555208077,-73.6070190776969,393,48.43
6_1,45.7196544514567,-73.6070706502007,394,48.44
6_1,45.7197623801521,-73.6071222400815,395,48.46
6_1,45.7198613227999,-73.6071609670247,396,48.47
6_1,45.7199692755563,-73.6071868653539,397,48.48
6_1,45.7200772283047,-73.6072127637832,398,48.49
6_1,45.7201851931018,-73.6072258163048,399,48.50
6_1,45.7203021680228,-73.6072260400563,400,48.52
6_1,45.7204101569262,-73.6072134005381,401,48.53
6_1,45.7205181578787,-73.6071879148875,402,48.54
6_1,45.7206261588235,-73.607162429139,403,48.55
6_1,45.7207341718061,-73.6071240971591,404,48.56
6_1,45.7208331987436,-73.607072901686,405,48.58
6_1,45.7209322256566,-73.6070217060323,406,48.59
6_1,45.7210312645718,-73.6069576639962,407,48.60
6_1,45.7210582708061,-73.6069448692955,408,48.60
6_1,45.7210762909916,-73.6069192112054,409,48.61
6_1,45.7211032972213,-73.6069064164759,410,48.61
6_1,45.72112130538,-73.6068936045752,411,48.61
6_1,45.7211483236234,-73.6068679635946,412,48.62
6_1,45.7211663317776,-73.6068551516713,413,48.62
6_1,45.7211933500122,-73.6068295106515,414,48.62
6_1,45.721211358162,-73.6068166987056,415,48.62
6_1,45.7212293783183,-73.6067910405042,416,48.63
6_1,45.7212563845331,-73.6067782456782,417,48.63
6_1,45.7212744046807,-73.6067525874439,418,48.63
6_1,45.7212924128217,-73.6067397754548,419,48.63
6_1,45.7213194310299,-73.6067141343217,420,48.64
6_1,45.7213374511629,-73.606688476038,421,48.64
6_1,45.7213554592965,-73.6066756640139,422,48.64
6_1,45.7213734794208,-73.6066500057013,423,48.65
6_1,45.7214004856192,-73.6066372107745,424,48.65
6_1,45.7214185057348,-73.6066115524289,425,48.65
6_1,45.7214365258445,-73.6065858940668,426,48.65
6_1,45.7214545339664,-73.6065730819872,427,48.66
6_1,45.7214815521365,-73.6065474406997,428,48.66
6_1,45.7214995722317,-73.6065217822882,429,48.66
6_1,45.7215175803462,-73.6065089701735,430,48.67
6_1,45.7215356004327,-73.6064833117331,431,48.67
6_1,45.7295780511182,-73.5984941743556,432,49.76
6_2,45.7295780511182,-73.5984941743556,1,0.00
6_2,45.7215356004327,-73.6064833117331,2,1.09
6_2,45.7215175803462,-73.6065089701735,3,1.09
6_2,45.7214995722317,-73.6065217822882,4,1.09
6_2,45.7214815521365,-73.6065474406997,5,1.10
6_2,45.7214545339664,-73.6065730819872,6,1.10
6_2,45.7214365258445,-73.6065858940668,7,1.10
6_2,45.7214185057348,-73.6066115524289,8,1.11
6_2,45.7214004856192,-73.6066372107745,9,1.11
6_2,45.7213734794208,-73.6066500057013,10,1.11
6_2,45.7213554592965,-73.6066756640139,11,1.11
6_2,45.7213374511629,-73.606688476038,12,1.12
6_2,45.7213194310299,-73.6067141343217,13,1.12
6_2,45.7212924128217,-73.6067397754548,14,1.12
6_2,45.7212744046807,-73.6067525874439,15,1.13
6_2,45.7212563845331,-73.6067782456782,16,1.13
6_2,45.7212293783183,-73.6067910405042,17,1.13
6_2,45.721211358162,-73.6068166987056,18,1.13
6_2,45.7211933500122,-73.6068295106515,19,1.14
6_2,45.7211663317776,-73.6068551516713,20,1.14
6_2,45.7211483236234,-73.6068679635946,21,1.14
6_2,45.72112130538,-73.6068936045752,22,1.15
6_2,45.7211032972213,-73.6069064164759,23,1.15
6_2,45.7210762909916,-73.6069192112054,24,1.15
6_2,45.7210582708061,-73.6069448692955,25,1.15
6_2,45.7210312645718,-73.6069576639962,26,1.16
6_2,45.7209322256566,-73.6070217060323,27,1.17
6_2,45.7208331987436,-73.607072901686,28,1.18
6_2,45.7207341718061,-73.6071240971591,29,1.19
6_2,45.7206261588235,-73.607162429139,30,1.20
6_2,45.7205181578787,-73.6071879148875,31,1.22
6_2,45.7204101569262,-73.6072134005381,32,1.23
6_2,45.7203021680228,-73.6072260400563,33,1.24
6_2,45.7201851931018,-73.6072258163048,34,1.25
6_2,45.7200772283047,-73.6072127637832,35,1.27
6_2,45.7199692755563,-73.6071868653539,36,1.28
6_2,45.7198613227999,-73.6071609670247,37,1.29
6_2,45.7197623801521,-73.6071222400815,38,1.30
6_2,45.7196544514567,-73.6070706502007,39,1.31
6_2,45.7195555208077,-73.6070190776969,40,1.33
6_2,45.7194566141843,-73.6069418136936,41,1.34
6_2,45.7193576954908,-73.6068773957815,42,1.35
6_2,45.7192677988474,-73.6067873036462,43,1.36
6_2,45.7191779021312,-73.6066972118001,44,1.38
6_2,45.7190970154007,-73.6065942915961,45,1.39
6_2,45.7190161285761,-73.606491371689,46,1.40
6_2,45.7189352536181,-73.6063756063574,47,1.41
6_2,45.7188723746881,-73.6062598754713,48,1.42
6_2,45.7188005094998,-73.6061312821167,49,1.44
6_2,45.7187466403128,-73.6060027231205,50,1.45
6_2,45.7186927828834,-73.6058613187048,51,1.46
6_2,45.718647923352,-73.6057199315296,52,1.47
6_2,45.7186030636451,-73.6055785445805,53,1.48
6_2,45.718594101176,-73.6055399907027,54,1.49
6_2,45.7185941367679,-73.6055014537711,55,1.49
6_2,45.7185851624146,-73.6054757455535,56,1.49
6_2,45.7185761999108,-73.6054371917044,57,1.50
6_2,45.7185672373939,-73.6053986378676,58,1.50
6_2,45.7185582630174,-73.6053729296788,59,1.50
6_2,45.7185582985529,-73.6053343927717,60,1.50
6_2,45.7185493360013,-73.6052958389635,61,1.51
6_2,45.7185403616016,-73.6052701307994,62,1.51
6_2,45.7185403971024,-73.6052315939044,63,1.51
6_2,45.718531434516,-73.605193040125,64,1.52
6_2,45.7185224719167,-73.6051544863578,65,1.52
6_2,45.7185224955593,-73.6051287951026,66,1.52
6_2,45.7185135329382,-73.6050902413519,67,1.52
6_2,45.7185135683783,-73.6050517044751,68,1.53
6_2,45.7185046057312,-73.6050131507428,69,1.53
6_2,45.7184956312678,-73.6049874426443,70,1.53
6_2,45.7184956666732,-73.6049489057797,71,1.54
6_2,45.7184867039913,-73.6049103520761,72,1.54
6_2,45.7184867393707,-73.6048718152175,73,1.54
6_2,45.7184777648754,-73.6048461071498,74,1.54
6_2,45.7184778002332,-73.6048075702973,75,1.55
6_2,45.7184688375035,-73.6047690166285,76,1.55
6_2,45.7184688728352,-73.604730479782,77,1.55
6_2,45.7150717610353,-73.5768379449744,78,3.76
6_2,45.7150628233831,-73.5767480187275,79,3.76
6_2,45.7150538856602,-73.5766580925092,80,3.77
6_2,45.7150359497796,-73.5765681540312,81,3.78
6_2,45.7150270119149,-73.5764782278845,82,3.79
6_2,45.7150180739795,-73.5763883017663,83,3.79
6_2,45.7150091359732,-73.5762983756768,84,3.80
6_2,45.7150001978962,-73.5762084496158,85,3.81
6_2,45.7149822616613,-73.5761185113673,86,3.81
6_2,45.7149733234426,-73.5760285853779,87,3.82
6_2,45.7149643851531,-73.5759386594171,88,3.83
6_2,45.7149554467927,-73.5758487334849,89,3.84
6_2,45.7149465083616,-73.5757588075813,90,3.84
6_2,45.7149197604921,-73.5753862715406,91,3.87
6_2,45.7148930198404,-73.5750008910471,92,3.90
6_2,45.7148752675864,-73.5746283676972,93,3.93
6_2,45.7148575224652,-73.5742429997829,94,3.96
6_2,45.7148577722192,-73.5738576558174,95,3.99
6_2,45.7148580124127,-73.5734851566459,96,4.02
6_2,45.7148672576986,-73.5730998244021,97,4.05
6_2,45.7148854997728,-73.5727145036993,98,4.08
6_2,45.7149037324151,-73.5723420275542,99,4.11
6_2,45.7149399681096,-73.5719567294475,100,4.14
6_2,45.7149761944576,-73.5715842756679,101,4.17
6_2,45.7150214256848,-73.5711989879971,102,4.20
6_2,45.7150666476506,-73.5708265445507,103,4.23
6_2,45.7151298645782,-73.5704541231164,104,4.26
6_2,45.7151930802916,-73.5700817008408,105,4.29
6_2,45.7152652850408,-73.5697221338052,106,4.32
6_2,45.7153374964554,-73.5693497209321,107,4.35
6_2,45.7154276950756,-73.5689901741697,108,4.38
6_2,45.7154457455099,-73.5689002817692,109,4.38
6_2,45.7154637881367,-73.56882323425,110,4.39
6_2,45.7154908365272,-73.5687333527688,111,4.40
6_2,45.7155088867594,-73.5686434601842,112,4.41
6_2,45.7155359273004,-73.5685664234997,113,4.41
6_2,45.7155539774011,-73.5684765307889,114,4.42
6_2,45.7155810255187,-73.5683866489957,115,4.43
6_2,45.7155990677988,-73.5683096011249,116,4.43
6_2,45.7156261157849,-73.5682197191787,117,4.44
6_2,45.7156441579524,-73.568142671192,118,4.45
6_2,45.715671205807,-73.5680527890929,119,4.46
6_2,45.7156982535909,-73.567962906907,120,4.46
6_2,45.7284847839545,-73.5211862409531,121,8.37
6_2,45.7289800147273,-73.5192849173399,122,8.53
6_2,45.728989019299,-73.5192463762938,123,8.53
6_2,45.7289980260169,-73.5191949871858,124,8.54
6_2,45.7290160286304,-73.5191564491888,125,8.54
6_2,45.7290250353079,-73.5191050600415,126,8.54
6_2,45.729043037891,-73.519066521997,127,8.55
6_2,45.729052044528,-73.5190151328105,128,8.55
6_2,45.7290610490086,-73.5189765916715,129,8.56
6_2,45.7290790536772,-73.5189252054928,130,8.56
6_2,45.7291240736908,-73.5187453475873,131,8.57
6_2,45.7291330780803,-73.5187068063555,132,8.58
6_2,45.7291510826274,-73.518655420024,133,8.58
6_2,45.7291600869865,-73.518616878759,134,8.59
6_2,45.7291690934211,-73.5185654893929,135,8.59
6_2,45.7291870958218,-73.5185269510759,136,8.59
6_2,45.7291961022159,-73.5184755616705,137,8.60
6_2,45.7292051085868,-73.5184241722486,138,8.60
6_2,45.7292231109398,-73.5183856338615,139,8.61
6_2,45.7310776359385,-73.511281006825,140,9.20
6_2,45.7310956371401,-73.5112296163239,141,9.20
6_2,45.7311046402492,-73.5111782239948,142,9.20
6_2,45.7311226414043,-73.5111268334359,143,9.21
6_2,45.7311316444672,-73.5110754410656,144,9.21
6_2,45.7311496455761,-73.5110240504489,145,9.22
6_2,45.7311586485926,-73.5109726580373,146,9.22
6_2,45.7311766508826,-73.5109084188132,147,9.23
6_2,45.7311856538471,-73.5108570263582,148,9.23
6_2,45.7312036548576,-73.5108056356218,149,9.24
6_2,45.7312126577758,-73.5107542431255,150,9.24
6_2,45.7312216618738,-73.5106900020528,151,9.24
6_2,45.7312666712688,-73.5104844335116,152,9.26
6_2,45.7313116814488,-73.5102660160596,153,9.28
6_2,45.731338695073,-73.5100475950297,154,9.30
6_2,45.7313657093843,-73.5098163251962,155,9.31
6_2,45.7313837240798,-73.5095979021976,156,9.33
6_2,45.7313927402888,-73.5093794775523,157,9.35
6_2,45.7314017571097,-73.5091482042354,158,9.37
6_2,45.7314017743901,-73.5089297780134,159,9.38
6_2,45.7314017793931,-73.5088655350069,160,9.39
6_2,45.7314017833695,-73.5088141406017,161,9.39
6_2,45.7314017883075,-73.5087498975951,162,9.40
6_2,45.7314017922319,-73.5086985031899,163,9.40
6_2,45.7313927980643,-73.5086471073961,164,9.41
6_2,45.7313928029083,-73.5085828643998,165,9.41
6_2,45.7313928067576,-73.5085314700028,166,9.41
6_2,45.7313838134677,-73.5084672256468,167,9.42
6_2,45.7313838172649,-73.508415831258,168,9.42
6_2,45.731383821979,-73.508351588272,169,9.43
6_2,45.7313748276553,-73.5083001925503,170,9.43
6_2,45.7313298966059,-73.5074393307013,171,9.50
6_2,45.7313298999407,-73.5073879363619,172,9.50
6_2,45.7313299024267,-73.5073493906073,173,9.51
6_2,45.7313299057211,-73.5072979962678,174,9.51
6_2,45.7313209101077,-73.5072594493474,175,9.51
6_2,45.7313209133616,-73.5072080550162,176,9.52
6_2,45.7313209157869,-73.5071695092677,177,9.52
6_2,45.7313209190003,-73.5071181149365,178,9.53
6_2,45.7313209213953,-73.507079569188,179,9.53
6_2,45.7313119264993,-73.5070281737281,180,9.53
6_2,45.7313119288639,-73.5069896279859,181,9.54
6_2,45.7313119319964,-73.5069382336628,182,9.54
6_2,45.7313119343306,-73.5068996879205,183,9.54
6_2,45.7313119374228,-73.5068482935975,184,9.55
6_2,45.7313119397267,-73.5068097478552,185,9.55
6_2,45.7313119427783,-73.5067583535321,186,9.55
6_2,45.7313119450519,-73.5067198077898,187,9.56
6_2,45.7313119473124,-73.5066812620475,188,9.56
6_2,45.7313119503063,-73.5066298677244,189,9.56
6_2,45.7313119525365,-73.5065913219821,190,9.57
6_2,45.7313119554899,-73.5065399276589,191,9.57
6_2,45.7313119576897,-73.5065013819166,192,9.57
6_2,45.7313209672718,-73.5062958056351,193,9.59
6_2,45.7313389738674,-73.5061030788523,194,9.60
6_2,45.7313659782069,-73.5059103528948,195,9.62
6_2,45.73140198029,-73.5057176276695,196,9.64
6_2,45.7314379814259,-73.5055377508064,197,9.65
6_2,45.7314829809489,-73.5053450259524,198,9.67
6_2,45.7315369776351,-73.5051651502486,199,9.68
6_2,45.7315999715449,-73.5049981236455,200,9.70
6_2,45.7316629657525,-73.5048182480055,201,9.71
6_2,45.7317349572222,-73.5046512213838,202,9.73
6_2,45.7318069479419,-73.5044970430272,203,9.74
6_2,45.7318969350766,-73.5043300169542,204,9.76
6_2,45.7319869210266,-73.5041886878159,205,9.77
6_2,45.7320769068003,-73.5040473582237,206,9.79
6_2,45.7321758904655,-73.5039060288048,207,9.80
6_2,45.7322838715977,-73.5037775482949,208,9.82
6_2,45.7323918521723,-73.5036619161182,209,9.83
6_2,45.7324998322283,-73.5035591323491,210,9.85
6_2,45.7326258083239,-73.5034563492939,211,9.86
6_2,45.7327427862573,-73.5033535652381,212,9.88
6_2,45.7328687614286,-73.5032764791507,213,9.89
6_2,45.732994736545,-73.5031993927168,214,9.91
6_2,45.7331207112548,-73.5031351549318,215,9.92
6_2,45.7332556839917,-73.5030709173512,216,9.94
6_2,45.7332826781898,-73.5030709188306,217,9.94
6_2,45.7333186707982,-73.5030580717623,218,9.95
6_2,45.7333456653392,-73.5030452241884,219,9.95
6_2,45.7333726598785,-73.5030323766021,220,9.95
6_2,45.7334086524821,-73.5030195294884,221,9.96
6_2,45.7334356466794,-73.5030195309431,222,9.96
6_2,45.7334716392811,-73.5030066838067,223,9.96
6_2,45.7334986338156,-73.502993836173,224,9.97
6_2,45.7335256280124,-73.5029938376153,225,9.97
6_2,45.7335616206107,-73.5029809904418,226,9.98
6_2,45.7335886148073,-73.5029809918779,227,9.98
6_2,45.7336246074037,-73.5029681446817,228,9.98
6_2,45.7336516016,-73.5029681461117,229,9.99
6_2,45.7336875941946,-73.5029552988927,230,9.99
6_2,45.7337145887223,-73.5029424511847,231,9.99
6_2,45.7337505809834,-73.5029424530749,232,10.00
6_2,45.7337775751791,-73.5029424544925,233,10.00
6_2,45.7338045697048,-73.5029296067577,234,10.00
6_2,45.7338405619654,-73.5029296086396,235,10.01
6_2,45.7338675564894,-73.5029167608841,236,10.01
6_2,45.7339035487495,-73.5029167627578,237,10.01
6_2,45.7370168922132,-73.5023129800521,238,10.36
6_2,45.7370618827729,-73.5023001320101,239,10.37
6_2,45.7370978752708,-73.50228728358,240,10.37
6_2,45.7371338675106,-73.5022872850495,241,10.38
6_2,45.7371788580664,-73.50227443696,242,10.38
6_2,45.7372148503056,-73.5022744384212,243,10.39
6_2,45.7372598408594,-73.5022615903029,244,10.39
6_2,45.7372958333517,-73.5022487418027,245,10.39
6_2,45.7373408236498,-73.5022487436086,246,10.40
6_2,45.7373768161402,-73.5022358950816,247,10.40
6_2,45.7374128086289,-73.502223046538,248,10.41
6_2,45.7374577991753,-73.502210198333,249,10.41
6_2,45.7374937914128,-73.502210199753,250,10.42
6_2,45.7375387819571,-73.502197351519,251,10.42
6_2,45.7375747744405,-73.5021845029136,252,10.43
6_2,45.7376107669222,-73.5021716542917,253,10.43
6_2,45.7377817310089,-73.5021202606605,254,10.45
6_2,45.7379436972407,-73.5020560162816,255,10.47
6_2,45.738105663655,-73.5019789213924,256,10.49
6_2,45.7382676300127,-73.5019018260574,257,10.51
6_2,45.7384205986635,-73.5017990295612,258,10.53
6_2,45.7385735670262,-73.5017090827499,259,10.54
6_2,45.7387265356753,-73.5015934348848,260,10.56
6_2,45.7388795042033,-73.501477786388,261,10.58
6_2,45.7390234747056,-73.5013492866915,262,10.60
6_2,45.7391584471397,-73.501207935758,263,10.62
6_2,45.7393024174522,-73.5010665843147,264,10.64
6_2,45.7394283915769,-73.5009123814052,265,10.66
6_2,45.7395633635469,-73.5007581779241,266,10.68
6_2,45.739680339261,-73.5005911230057,267,10.70
6_2,45.7398063127841,-73.5004240674577,268,10.71
6_2,45.7399142899774,-73.500244160522,269,10.73
6_2,45.7400222668918,-73.5000514023142,270,10.75
6_2,45.740130243479,-73.4998586433634,271,10.77
6_2,45.740229221684,-73.499665883723,272,10.79
6_2,45.7403192014471,-73.4994602728395,273,10.81
6_2,45.7404091807543,-73.4992418106281,274,10.83
6_2,45.7404901616969,-73.4990361985576,275,10.85
6_2,45.7405621440815,-73.4988177353781,276,10.87
6_2,45.7406251278348,-73.4985864211453,277,10.88
6_2,45.7406881113035,-73.4983679571237,278,10.90
6_2,45.7407420960906,-73.4981366421643,279,10.92
6_2,45.740796080409,-73.4979053267591,280,10.94
6_2,45.7408320681504,-73.4976740116554,281,10.96
6_2,45.7408680551349,-73.4974298454818,282,10.98
6_2,45.7408950435435,-73.4971856794467,283,11.00
6_2,45.7409220317734,-73.4969543639612,284,11.02
6_2,45.7409310230578,-73.4967101985186,285,11.04
6_2,45.7409400138204,-73.4964660329977,286,11.05
6_2,45.7409400060074,-73.4962218680054,287,11.07
6_2,45.7409399976725,-73.4959777030131,288,11.09
6_2,45.7409219927081,-73.4957335393916,289,11.11
6_2,45.7409039877285,-73.4955022267079,290,11.13
6_2,45.7408949871271,-73.4954379735368,291,11.13
6_2,45.7408949850631,-73.4953865704219,292,11.14
6_2,45.7408859843966,-73.4953223172796,293,11.14
6_2,45.7408769842266,-73.4952709149326,294,11.15
6_2,45.7408769820875,-73.4952195118343,295,11.15
6_2,45.740867981327,-73.4951552587395,296,11.16
6_2,45.7408589810818,-73.4951038564359,297,11.16
6_2,45.7408499802563,-73.4950396033804,298,11.17
6_2,45.740840979959,-73.4949882011119,299,11.17
6_2,45.7408319796387,-73.4949367988599,300,11.17
6_2,45.7408229787192,-73.4948725458622,301,11.18
6_2,45.7408139783467,-73.4948211436453,302,11.18
6_2,45.7408139760052,-73.4947697406048,303,11.19
6_2,45.7408049749917,-73.4947054876546,304,11.19
6_2,45.7407959745441,-73.4946540854811,305,11.20
6_2,45.739922736264,-73.4887686142913,306,11.67
6_2,45.7399137344125,-73.4887300644351,307,11.67
6_2,45.7399047325479,-73.4886915145913,308,11.67
6_2,45.7399047274488,-73.4886401123859,309,11.68
6_2,45.7398957255539,-73.4886015625628,310,11.68
6_2,45.739886723646,-73.4885630127521,311,11.68
6_2,45.7398867197804,-73.4885244611104,312,11.68
6_2,45.7398777178465,-73.4884859113183,313,11.69
6_2,45.7398687158995,-73.4884473615385,314,11.69
6_2,45.7398687119949,-73.4884088099093,315,11.69
6_2,45.739859710022,-73.4883702601482,316,11.70
6_2,45.739850708036,-73.4883317103994,317,11.70
6_2,45.7398417060369,-73.488293160663,318,11.70
6_2,45.7398417020803,-73.4882546090524,319,11.71
6_2,45.7398327000553,-73.4882160593346,320,11.71
6_2,45.7398236966868,-73.4881646590965,321,11.71
6_2,45.7398146946313,-73.4881261094056,322,11.72
6_2,45.7398056925629,-73.4880875597271,323,11.72
6_2,45.7397966904814,-73.4880490100609,324,11.72
6_2,45.7397876883869,-73.4880104604072,325,11.73
6_2,45.7397786862794,-73.4879719107658,326,11.73
6_2,45.7397696841589,-73.4879333611368,327,11.73
6_2,45.7397606820253,-73.4878948115203,328,11.74
6_2,45.7397516798788,-73.4878562619161,329,11.74
6_2,45.7397426777192,-73.4878177123243,330,11.74
6_2,45.7397336755466,-73.4877791627449,331,11.75
6_2,45.7396886686703,-73.487624966539,332,11.76
6_2,45.7396346621199,-73.4874579221041,333,11.77
6_2,45.7395716586977,-73.4873037305076,334,11.79
6_2,45.7395086565114,-73.4871623897184,335,11.80
6_2,45.7394366560935,-73.4870210513318,336,11.81
6_2,45.7393646554999,-73.4868797133086,337,11.83
6_2,45.7392746601089,-73.4867512303158,338,11.84
6_2,45.7391936626285,-73.4866227455871,339,11.85
6_2,45.7391036684641,-73.4865071137667,340,11.87
6_2,45.7390046761247,-73.4863914845037,341,11.88
6_2,45.7389056852095,-73.4862887059713,342,11.90
6_2,45.738797697696,-73.4861987803183,343,11.91
6_2,45.7386897101098,-73.486108855012,344,11.92
6_2,45.7385817240225,-73.4860317803001,345,11.94
6_2,45.7384737378812,-73.4859547058852,346,11.95
6_2,45.738356756802,-73.485903334428,347,11.96
6_2,45.7382397756973,-73.4858519631853,348,11.98
6_2,45.7381137965091,-73.4858005944378,349,11.99
6_2,45.7379968185559,-73.4857749238594,350,12.01
6_2,45.7378708425361,-73.4857492556771,351,12.02
6_2,45.7377538661714,-73.4857364353749,352,12.03
6_2,45.7377268719953,-73.4857364422477,353,12.04
6_2,45.7376908797605,-73.4857364514115,354,12.04
6_2,45.7376638855842,-73.4857364582844,355,12.04
6_2,45.7376368914077,-73.4857364651572,356,12.05
6_2,45.7376098972311,-73.48573647203,357,12.05
6_2,45.7375829030545,-73.4857364789028,358,12.05
6_2,45.7375469108186,-73.4857364880665,359,12.06
6_2,45.7375199166416,-73.4857364949393,360,12.06
6_2,45.7374929224645,-73.4857365018121,361,12.06
6_2,45.7374659282873,-73.4857365086848,362,12.06
6_2,45.7374389341099,-73.4857365155576,363,12.07
6_2,45.7374119399324,-73.4857365224303,364,12.07
6_2,45.7373759492989,-73.4857493815651,365,12.07
6_2,45.7373489551211,-73.4857493884316,366,12.08
6_2,45.7373219609432,-73.4857493952981,367,12.08
6_2,45.7372949667651,-73.4857494021646,368,12.08
6_2,45.7372679741889,-73.4857622589775,369,12.09
6_2,45.7372409800106,-73.4857622658378,370,12.09
6_2,45.7372139858322,-73.4857622726981,371,12.09
6_2,45.7371779951946,-73.4857751317709,372,12.10
6_2,45.7371510010158,-73.4857751386249,373,12.10
6_2,45.73457759649,-73.4861098745643,374,12.39
6_2,45.7224934007422,-73.4880270067547,375,13.74
6_2,45.7197490374927,-73.4885414301337,376,14.05
6_2,45.7184533192071,-73.4886059231457,377,14.19
6_2,45.7178234452102,-73.4885289782291,378,14.26
6_2,45.7086721323032,-73.4862832565431,379,15.29
6_2,45.7050908338505,-73.4858603275314,380,15.69
6_2,45.6996829137477,-73.4854379266618,381,16.29
6_2,45.6992510105611,-73.4854894037197,382,16.34
6_2,45.6980632716573,-73.4855924386475,383,16.47
6_2,45.6968396230999,-73.4863760345985,384,16.62
6_2,45.6960478556273,-73.4869540494792,385,16.72
6_2,45.6950941656574,-73.4879686536894,386,16.85
6_2,45.6928448868245,-73.4906783273561,387,17.18
6_2,45.6919271444539,-73.4915387303028,388,17.30
6_2,45.6903795286793,-73.492437708037,389,17.49
6_2,45.6882110140151,-73.4930029034634,390,17.73
6_2,45.6800047486944,-73.4937227890212,391,18.65
6_2,45.6791949268973,-73.4939411025757,392,18.74
6_2,45.6783581235717,-73.494428978208,393,18.84
6_2,45.6772244163252,-73.495841072327,394,19.01
6_2,45.6767835387894,-73.4968423204529,395,19.10
6_2,45.6765136164264,-73.4977922021509,396,19.18
6_2,45.6748668502272,-73.5053396335276,397,19.79
6_2,45.672004037796,-73.5186492594995,398,20.88
6_2,45.6716258531651,-73.5201893238961,399,21.01
6_2,45.6712567376382,-73.5212416474316,400,21.10
6_2,45.6707616255586,-73.5223580807066,401,21.20
6_2,45.6606521521568,-73.5391645125645,402,22.93
6_2,45.6591485662437,-73.5416785491748,403,23.18
6_2,45.6514238582459,-73.5520653635053,404,24.36
6_2,45.6512348142138,-73.5522448119628,405,24.39
6_2,45.647155937018,-73.5578346066976,406,25.02
6_2,45.6282352335877,-73.5829136905861,407,27.89
6_2,45.6247314211319,-73.5876021865917,408,28.42
6_2,45.6205789281513,-73.5930456071889,409,29.05
6_2,45.6178584591404,-73.5966570934621,410,29.46
6_2,45.6113360598919,-73.605325813408,411,30.45
6_2,45.6087234347148,-73.6086670904986,412,30.84
6_2,45.6076336788789,-73.6096777911523,413,30.99
6_2,45.6003300616619,-73.615778056965,414,31.93
6_2,45.5911707056185,-73.6235132458787,415,33.11
6_2,45.5829837575918,-73.6302614556486,416,34.16
6_2,45.5659867199749,-73.6445703046828,417,36.36
6_2,45.5646808113796,-73.6454765034443,418,36.52
6_2,45.5493989906651,-73.6543379892286,419,38.35
6_2,45.535017049501,-73.6626595277141,420,40.08
6_2,45.5262272544418,-73.6677549173508,421,41.13
6_2,45.5253991235759,-73.6679444802639,422,41.23
6_2,45.5252011785568,-73.6679310896827,423,41.25
6_2,45.5245895912011,-73.6677244470011,424,41.32
6_2,45.5233226949811,-73.6664405672131,425,41.49
6_2,45.5229456574568,-73.6658250042572,426,41.56
6_2,45.5169003007672,-73.6448157466987,427,43.33
6_2,45.5138896215388,-73.6343512314225,428,44.21
6_2,45.5100797715506,-73.6126365062944,429,45.96
6_2,45.5038829500093,-73.5762430031764,430,48.89
6_2,45.5031828845284,-73.5734779956612,431,49.12
6_2,45.4999926193153,-73.5666664467233,432,49.76